series,make,model,body_class,size,model_years,collision,property_damage,comprehensive,pip,med_pay,bodily_injury,locator,url
Mini Cooper,Mini,Cooper,Two-door cars,Mini,2022-24,70,65,67,65,51,63,web table: Model years '2022-24' > class 'Two-door cars' > size 'Mini'; API POST /api/hldilosses/getviewmodel ModelYears=2022-2024 VehicleClassId=1 VehicleSizeId=1 (raw/api_2022-2024/class1_size1.json) row 'Mini Cooper',https://www.iihs.org/research-areas/auto-insurance/insurance-losses-by-make-and-model
Mini Cooper convertible,Mini,Cooper convertible,Two-door cars,Mini,2022-24,65,57,89,52,,,web table: Model years '2022-24' > class 'Two-door cars' > size 'Mini'; API POST /api/hldilosses/getviewmodel ModelYears=2022-2024 VehicleClassId=1 VehicleSizeId=1 (raw/api_2022-2024/class1_size1.json) row 'Mini Cooper convertible',https://www.iihs.org/research-areas/auto-insurance/insurance-losses-by-make-and-model
Mini Cooper electric 2dr,Mini,Cooper electric 2dr,Two-door cars,Mini,2022-24,61,64,53,54,,,web table: Model years '2022-24' > class 'Two-door cars' > size 'Mini'; API POST /api/hldilosses/getviewmodel ModelYears=2022-2024 VehicleClassId=1 VehicleSizeId=1 (raw/api_2022-2024/class1_size1.json) row 'Mini Cooper electric 2dr',https://www.iihs.org/research-areas/auto-insurance/insurance-losses-by-make-and-model
Mini Cooper,Mini,Cooper,Four-door cars,Mini,2022-24,75,77,91,67,,73,web table: Model years '2022-24' > class 'Four-door cars' > size 'Mini'; API POST /api/hldilosses/getviewmodel ModelYears=2022-2024 VehicleClassId=2 VehicleSizeId=1 (raw/api_2022-2024/class2_size1.json) row 'Mini Cooper',https://www.iihs.org/research-areas/auto-insurance/insurance-losses-by-make-and-model
Acura Integra 4dr,Acura,Integra 4dr,Four-door cars,Small,2022-24,120,94,100,147,141,101,web table: Model years '2022-24' > class 'Four-door cars' > size 'Small'; API POST /api/hldilosses/getviewmodel ModelYears=2022-2024 VehicleClassId=2 VehicleSizeId=2 (raw/api_2022-2024/class2_size2.json) row 'Acura Integra 4dr',https://www.iihs.org/research-areas/auto-insurance/insurance-losses-by-make-and-model
Honda Civic,Honda,Civic,Four-door cars,Small,2022-24,121,125,88,159,147,139,web table: Model years '2022-24' > class 'Four-door cars' > size 'Small'; API POST /api/hldilosses/getviewmodel ModelYears=2022-2024 VehicleClassId=2 VehicleSizeId=2 (raw/api_2022-2024/class2_size2.json) row 'Honda Civic',https://www.iihs.org/research-areas/auto-insurance/insurance-losses-by-make-and-model
Honda Civic hatchback,Honda,Civic hatchback,Four-door cars,Small,2022-24,113,114,87,134,132,123,web table: Model years '2022-24' > class 'Four-door cars' > size 'Small'; API POST /api/hldilosses/getviewmodel ModelYears=2022-2024 VehicleClassId=2 VehicleSizeId=2 (raw/api_2022-2024/class2_size2.json) row 'Honda Civic hatchback',https://www.iihs.org/research-areas/auto-insurance/insurance-losses-by-make-and-model
Honda Civic Si,Honda,Civic Si,Four-door cars,Small,2022-24,118,87,106,132,123,118,web table: Model years '2022-24' > class 'Four-door cars' > size 'Small'; API POST /api/hldilosses/getviewmodel ModelYears=2022-2024 VehicleClassId=2 VehicleSizeId=2 (raw/api_2022-2024/class2_size2.json) row 'Honda Civic Si',https://www.iihs.org/research-areas/auto-insurance/insurance-losses-by-make-and-model
Hyundai Elantra,Hyundai,Elantra,Four-door cars,Small,2022-24,134,120,109,173,193,151,web table: Model years '2022-24' > class 'Four-door cars' > size 'Small'; API POST /api/hldilosses/getviewmodel ModelYears=2022-2024 VehicleClassId=2 VehicleSizeId=2 (raw/api_2022-2024/class2_size2.json) row 'Hyundai Elantra',https://www.iihs.org/research-areas/auto-insurance/insurance-losses-by-make-and-model
Hyundai Elantra hybrid,Hyundai,Elantra hybrid,Four-door cars,Small,2022-24,145,123,113,154,176,139,web table: Model years '2022-24' > class 'Four-door cars' > size 'Small'; API POST /api/hldilosses/getviewmodel ModelYears=2022-2024 VehicleClassId=2 VehicleSizeId=2 (raw/api_2022-2024/class2_size2.json) row 'Hyundai Elantra hybrid',https://www.iihs.org/research-areas/auto-insurance/insurance-losses-by-make-and-model
Kia Forte,Kia,Forte,Four-door cars,Small,2022-24,128,141,108,178,229,188,web table: Model years '2022-24' > class 'Four-door cars' > size 'Small'; API POST /api/hldilosses/getviewmodel ModelYears=2022-2024 VehicleClassId=2 VehicleSizeId=2 (raw/api_2022-2024/class2_size2.json) row 'Kia Forte',https://www.iihs.org/research-areas/auto-insurance/insurance-losses-by-make-and-model
Mazda 3,Mazda,3,Four-door cars,Small,2022-24,104,116,87,120,107,116,web table: Model years '2022-24' > class 'Four-door cars' > size 'Small'; API POST /api/hldilosses/getviewmodel ModelYears=2022-2024 VehicleClassId=2 VehicleSizeId=2 (raw/api_2022-2024/class2_size2.json) row 'Mazda 3',https://www.iihs.org/research-areas/auto-insurance/insurance-losses-by-make-and-model
Mazda 3 4WD,Mazda,3 4WD,Four-door cars,Small,2022-24,110,97,92,107,,,web table: Model years '2022-24' > class 'Four-door cars' > size 'Small'; API POST /api/hldilosses/getviewmodel ModelYears=2022-2024 VehicleClassId=2 VehicleSizeId=2 (raw/api_2022-2024/class2_size2.json) row 'Mazda 3 4WD',https://www.iihs.org/research-areas/auto-insurance/insurance-losses-by-make-and-model
Mazda 3 hatchback,Mazda,3 hatchback,Four-door cars,Small,2022-24,95,100,76,95,103,92,web table: Model years '2022-24' > class 'Four-door cars' > size 'Small'; API POST /api/hldilosses/getviewmodel ModelYears=2022-2024 VehicleClassId=2 VehicleSizeId=2 (raw/api_2022-2024/class2_size2.json) row 'Mazda 3 hatchback',https://www.iihs.org/research-areas/auto-insurance/insurance-losses-by-make-and-model
Mazda 3 hatchback 4WD,Mazda,3 hatchback 4WD,Four-door cars,Small,2022-24,107,89,92,94,,,web table: Model years '2022-24' > class 'Four-door cars' > size 'Small'; API POST /api/hldilosses/getviewmodel ModelYears=2022-2024 VehicleClassId=2 VehicleSizeId=2 (raw/api_2022-2024/class2_size2.json) row 'Mazda 3 hatchback 4WD',https://www.iihs.org/research-areas/auto-insurance/insurance-losses-by-make-and-model
Nissan Kicks,Nissan,Kicks,Four-door cars,Small,2022-24,100,102,70,151,169,135,web table: Model years '2022-24' > class 'Four-door cars' > size 'Small'; API POST /api/hldilosses/getviewmodel ModelYears=2022-2024 VehicleClassId=2 VehicleSizeId=2 (raw/api_2022-2024/class2_size2.json) row 'Nissan Kicks',https://www.iihs.org/research-areas/auto-insurance/insurance-losses-by-make-and-model
Nissan Leaf electric,Nissan,Leaf electric,Four-door cars,Small,2022-24,96,104,57,93,91,97,web table: Model years '2022-24' > class 'Four-door cars' > size 'Small'; API POST /api/hldilosses/getviewmodel ModelYears=2022-2024 VehicleClassId=2 VehicleSizeId=2 (raw/api_2022-2024/class2_size2.json) row 'Nissan Leaf electric',https://www.iihs.org/research-areas/auto-insurance/insurance-losses-by-make-and-model
Nissan Sentra,Nissan,Sentra,Four-door cars,Small,2022-24,132,140,91,178,206,192,web table: Model years '2022-24' > class 'Four-door cars' > size 'Small'; API POST /api/hldilosses/getviewmodel ModelYears=2022-2024 VehicleClassId=2 VehicleSizeId=2 (raw/api_2022-2024/class2_size2.json) row 'Nissan Sentra',https://www.iihs.org/research-areas/auto-insurance/insurance-losses-by-make-and-model
Nissan Versa,Nissan,Versa,Four-door cars,Small,2022-24,115,128,73,177,197,183,web table: Model years '2022-24' > class 'Four-door cars' > size 'Small'; API POST /api/hldilosses/getviewmodel ModelYears=2022-2024 VehicleClassId=2 VehicleSizeId=2 (raw/api_2022-2024/class2_size2.json) row 'Nissan Versa',https://www.iihs.org/research-areas/auto-insurance/insurance-losses-by-make-and-model
Toyota Corolla,Toyota,Corolla,Four-door cars,Small,2022-24,102,114,89,167,150,137,web table: Model years '2022-24' > class 'Four-door cars' > size 'Small'; API POST /api/hldilosses/getviewmodel ModelYears=2022-2024 VehicleClassId=2 VehicleSizeId=2 (raw/api_2022-2024/class2_size2.json) row 'Toyota Corolla',https://www.iihs.org/research-areas/auto-insurance/insurance-losses-by-make-and-model
Toyota Corolla hatchback,Toyota,Corolla hatchback,Four-door cars,Small,2022-24,98,104,90,109,131,115,web table: Model years '2022-24' > class 'Four-door cars' > size 'Small'; API POST /api/hldilosses/getviewmodel ModelYears=2022-2024 VehicleClassId=2 VehicleSizeId=2 (raw/api_2022-2024/class2_size2.json) row 'Toyota Corolla hatchback',https://www.iihs.org/research-areas/auto-insurance/insurance-losses-by-make-and-model
Toyota Corolla hybrid,Toyota,Corolla hybrid,Four-door cars,Small,2022-24,119,119,89,155,165,142,web table: Model years '2022-24' > class 'Four-door cars' > size 'Small'; API POST /api/hldilosses/getviewmodel ModelYears=2022-2024 VehicleClassId=2 VehicleSizeId=2 (raw/api_2022-2024/class2_size2.json) row 'Toyota Corolla hybrid',https://www.iihs.org/research-areas/auto-insurance/insurance-losses-by-make-and-model
Toyota Corolla hybrid 4dr 4WD,Toyota,Corolla hybrid 4dr 4WD,Four-door cars,Small,2022-24,103,107,100,133,,,web table: Model years '2022-24' > class 'Four-door cars' > size 'Small'; API POST /api/hldilosses/getviewmodel ModelYears=2022-2024 VehicleClassId=2 VehicleSizeId=2 (raw/api_2022-2024/class2_size2.json) row 'Toyota Corolla hybrid 4dr 4WD',https://www.iihs.org/research-areas/auto-insurance/insurance-losses-by-make-and-model
Toyota Prius hybrid,Toyota,Prius hybrid,Four-door cars,Small,2022-24,118,85,104,107,119,89,web table: Model years '2022-24' > class 'Four-door cars' > size 'Small'; API POST /api/hldilosses/getviewmodel ModelYears=2022-2024 VehicleClassId=2 VehicleSizeId=2 (raw/api_2022-2024/class2_size2.json) row 'Toyota Prius hybrid',https://www.iihs.org/research-areas/auto-insurance/insurance-losses-by-make-and-model
Toyota Prius hybrid 4WD,Toyota,Prius hybrid 4WD,Four-door cars,Small,2022-24,105,77,115,119,,,web table: Model years '2022-24' > class 'Four-door cars' > size 'Small'; API POST /api/hldilosses/getviewmodel ModelYears=2022-2024 VehicleClassId=2 VehicleSizeId=2 (raw/api_2022-2024/class2_size2.json) row 'Toyota Prius hybrid 4WD',https://www.iihs.org/research-areas/auto-insurance/insurance-losses-by-make-and-model
Toyota Prius Prime plug-in hybrid,Toyota,Prius Prime plug-in hybrid,Four-door cars,Small,2022-24,109,66,92,87,,,web table: Model years '2022-24' > class 'Four-door cars' > size 'Small'; API POST /api/hldilosses/getviewmodel ModelYears=2022-2024 VehicleClassId=2 VehicleSizeId=2 (raw/api_2022-2024/class2_size2.json) row 'Toyota Prius Prime plug-in hybrid',https://www.iihs.org/research-areas/auto-insurance/insurance-losses-by-make-and-model
Chevrolet Malibu,Chevrolet,Malibu,Four-door cars,Midsize,2022-24,124,149,98,180,204,219,web table: Model years '2022-24' > class 'Four-door cars' > size 'Midsize'; API POST /api/hldilosses/getviewmodel ModelYears=2022-2024 VehicleClassId=2 VehicleSizeId=3 (raw/api_2022-2024/class2_size3.json) row 'Chevrolet Malibu',https://www.iihs.org/research-areas/auto-insurance/insurance-losses-by-make-and-model
Honda Accord,Honda,Accord,Four-door cars,Midsize,2022-24,109,106,82,171,162,138,web table: Model years '2022-24' > class 'Four-door cars' > size 'Midsize'; API POST /api/hldilosses/getviewmodel ModelYears=2022-2024 VehicleClassId=2 VehicleSizeId=3 (raw/api_2022-2024/class2_size3.json) row 'Honda Accord',https://www.iihs.org/research-areas/auto-insurance/insurance-losses-by-make-and-model
Honda Accord hybrid,Honda,Accord hybrid,Four-door cars,Midsize,2022-24,124,99,117,163,156,124,web table: Model years '2022-24' > class 'Four-door cars' > size 'Midsize'; API POST /api/hldilosses/getviewmodel ModelYears=2022-2024 VehicleClassId=2 VehicleSizeId=3 (raw/api_2022-2024/class2_size3.json) row 'Honda Accord hybrid',https://www.iihs.org/research-areas/auto-insurance/insurance-losses-by-make-and-model
Hyundai IONIQ 6 electric 4dr,Hyundai,IONIQ 6 electric 4dr,Four-door cars,Midsize,2022-24,134,91,78,,,,web table: Model years '2022-24' > class 'Four-door cars' > size 'Midsize'; API POST /api/hldilosses/getviewmodel ModelYears=2022-2024 VehicleClassId=2 VehicleSizeId=3 (raw/api_2022-2024/class2_size3.json) row 'Hyundai IONIQ 6 electric 4dr',https://www.iihs.org/research-areas/auto-insurance/insurance-losses-by-make-and-model
Hyundai IONIQ 6 electric 4dr 4WD,Hyundai,IONIQ 6 electric 4dr 4WD,Four-door cars,Midsize,2022-24,135,83,89,,,,web table: Model years '2022-24' > class 'Four-door cars' > size 'Midsize'; API POST /api/hldilosses/getviewmodel ModelYears=2022-2024 VehicleClassId=2 VehicleSizeId=3 (raw/api_2022-2024/class2_size3.json) row 'Hyundai IONIQ 6 electric 4dr 4WD',https://www.iihs.org/research-areas/auto-insurance/insurance-losses-by-make-and-model
Hyundai Sonata,Hyundai,Sonata,Four-door cars,Midsize,2022-24,136,112,116,150,163,133,web table: Model years '2022-24' > class 'Four-door cars' > size 'Midsize'; API POST /api/hldilosses/getviewmodel ModelYears=2022-2024 VehicleClassId=2 VehicleSizeId=3 (raw/api_2022-2024/class2_size3.json) row 'Hyundai Sonata',https://www.iihs.org/research-areas/auto-insurance/insurance-losses-by-make-and-model
Hyundai Sonata hybrid,Hyundai,Sonata hybrid,Four-door cars,Midsize,2022-24,137,100,120,129,150,111,web table: Model years '2022-24' > class 'Four-door cars' > size 'Midsize'; API POST /api/hldilosses/getviewmodel ModelYears=2022-2024 VehicleClassId=2 VehicleSizeId=3 (raw/api_2022-2024/class2_size3.json) row 'Hyundai Sonata hybrid',https://www.iihs.org/research-areas/auto-insurance/insurance-losses-by-make-and-model
Kia K5 2WD/4WD,Kia,K5 2WD/4WD,Four-door cars,Midsize,2022-24,144,125,116,162,193,155,web table: Model years '2022-24' > class 'Four-door cars' > size 'Midsize'; API POST /api/hldilosses/getviewmodel ModelYears=2022-2024 VehicleClassId=2 VehicleSizeId=3 (raw/api_2022-2024/class2_size3.json) row 'Kia K5 2WD/4WD',https://www.iihs.org/research-areas/auto-insurance/insurance-losses-by-make-and-model
Nissan Altima,Nissan,Altima,Four-door cars,Midsize,2022-24,135,134,106,181,206,174,web table: Model years '2022-24' > class 'Four-door cars' > size 'Midsize'; API POST /api/hldilosses/getviewmodel ModelYears=2022-2024 VehicleClassId=2 VehicleSizeId=3 (raw/api_2022-2024/class2_size3.json) row 'Nissan Altima',https://www.iihs.org/research-areas/auto-insurance/insurance-losses-by-make-and-model
Nissan Altima 4WD,Nissan,Altima 4WD,Four-door cars,Midsize,2022-24,135,131,109,149,168,154,web table: Model years '2022-24' > class 'Four-door cars' > size 'Midsize'; API POST /api/hldilosses/getviewmodel ModelYears=2022-2024 VehicleClassId=2 VehicleSizeId=3 (raw/api_2022-2024/class2_size3.json) row 'Nissan Altima 4WD',https://www.iihs.org/research-areas/auto-insurance/insurance-losses-by-make-and-model
Subaru Legacy 4WD with EyeSight,Subaru,Legacy 4WD with EyeSight,Four-door cars,Midsize,2022-24,79,82,96,94,100,76,web table: Model years '2022-24' > class 'Four-door cars' > size 'Midsize'; API POST /api/hldilosses/getviewmodel ModelYears=2022-2024 VehicleClassId=2 VehicleSizeId=3 (raw/api_2022-2024/class2_size3.json) row 'Subaru Legacy 4WD with EyeSight',https://www.iihs.org/research-areas/auto-insurance/insurance-losses-by-make-and-model
Toyota Camry,Toyota,Camry,Four-door cars,Midsize,2022-24,119,104,107,174,162,129,web table: Model years '2022-24' > class 'Four-door cars' > size 'Midsize'; API POST /api/hldilosses/getviewmodel ModelYears=2022-2024 VehicleClassId=2 VehicleSizeId=3 (raw/api_2022-2024/class2_size3.json) row 'Toyota Camry',https://www.iihs.org/research-areas/auto-insurance/insurance-losses-by-make-and-model
Toyota Camry 4WD,Toyota,Camry 4WD,Four-door cars,Midsize,2022-24,124,114,109,160,129,117,web table: Model years '2022-24' > class 'Four-door cars' > size 'Midsize'; API POST /api/hldilosses/getviewmodel ModelYears=2022-2024 VehicleClassId=2 VehicleSizeId=3 (raw/api_2022-2024/class2_size3.json) row 'Toyota Camry 4WD',https://www.iihs.org/research-areas/auto-insurance/insurance-losses-by-make-and-model
Toyota Camry hybrid,Toyota,Camry hybrid,Four-door cars,Midsize,2022-24,135,118,112,155,149,139,web table: Model years '2022-24' > class 'Four-door cars' > size 'Midsize'; API POST /api/hldilosses/getviewmodel ModelYears=2022-2024 VehicleClassId=2 VehicleSizeId=3 (raw/api_2022-2024/class2_size3.json) row 'Toyota Camry hybrid',https://www.iihs.org/research-areas/auto-insurance/insurance-losses-by-make-and-model
Volkswagen Jetta,Volkswagen,Jetta,Four-door cars,Midsize,2022-24,103,118,83,120,138,132,web table: Model years '2022-24' > class 'Four-door cars' > size 'Midsize'; API POST /api/hldilosses/getviewmodel ModelYears=2022-2024 VehicleClassId=2 VehicleSizeId=3 (raw/api_2022-2024/class2_size3.json) row 'Volkswagen Jetta',https://www.iihs.org/research-areas/auto-insurance/insurance-losses-by-make-and-model
Audi A4 4dr 4WD,Audi,A4 4dr 4WD,Luxury cars,Midsize,2022-24,133,79,97,78,93,86,web table: Model years '2022-24' > class 'Luxury cars' > size 'Midsize'; API POST /api/hldilosses/getviewmodel ModelYears=2022-2024 VehicleClassId=3 VehicleSizeId=3 (raw/api_2022-2024/class3_size3.json) row 'Audi A4 4dr 4WD',https://www.iihs.org/research-areas/auto-insurance/insurance-losses-by-make-and-model
BMW 2 series 2dr,BMW,2 series 2dr,Luxury cars,Midsize,2022-24,132,76,109,,,,web table: Model years '2022-24' > class 'Luxury cars' > size 'Midsize'; API POST /api/hldilosses/getviewmodel ModelYears=2022-2024 VehicleClassId=3 VehicleSizeId=3 (raw/api_2022-2024/class3_size3.json) row 'BMW 2 series 2dr',https://www.iihs.org/research-areas/auto-insurance/insurance-losses-by-make-and-model
BMW 2 series 2dr 4WD,BMW,2 series 2dr 4WD,Luxury cars,Midsize,2022-24,128,,,,,,web table: Model years '2022-24' > class 'Luxury cars' > size 'Midsize'; API POST /api/hldilosses/getviewmodel ModelYears=2022-2024 VehicleClassId=3 VehicleSizeId=3 (raw/api_2022-2024/class3_size3.json) row 'BMW 2 series 2dr 4WD',https://www.iihs.org/research-areas/auto-insurance/insurance-losses-by-make-and-model
BMW 2 series 4dr,BMW,2 series 4dr,Luxury cars,Midsize,2022-24,126,86,74,,,,web table: Model years '2022-24' > class 'Luxury cars' > size 'Midsize'; API POST /api/hldilosses/getviewmodel ModelYears=2022-2024 VehicleClassId=3 VehicleSizeId=3 (raw/api_2022-2024/class3_size3.json) row 'BMW 2 series 4dr',https://www.iihs.org/research-areas/auto-insurance/insurance-losses-by-make-and-model
BMW 2 series 4dr 4WD,BMW,2 series 4dr 4WD,Luxury cars,Midsize,2022-24,121,98,68,106,,,web table: Model years '2022-24' > class 'Luxury cars' > size 'Midsize'; API POST /api/hldilosses/getviewmodel ModelYears=2022-2024 VehicleClassId=3 VehicleSizeId=3 (raw/api_2022-2024/class3_size3.json) row 'BMW 2 series 4dr 4WD',https://www.iihs.org/research-areas/auto-insurance/insurance-losses-by-make-and-model
BMW 3 series 4dr,BMW,3 series 4dr,Luxury cars,Midsize,2022-24,144,112,111,104,146,131,web table: Model years '2022-24' > class 'Luxury cars' > size 'Midsize'; API POST /api/hldilosses/getviewmodel ModelYears=2022-2024 VehicleClassId=3 VehicleSizeId=3 (raw/api_2022-2024/class3_size3.json) row 'BMW 3 series 4dr',https://www.iihs.org/research-areas/auto-insurance/insurance-losses-by-make-and-model
BMW 3 series 4dr 4WD,BMW,3 series 4dr 4WD,Luxury cars,Midsize,2022-24,136,102,113,98,79,73,web table: Model years '2022-24' > class 'Luxury cars' > size 'Midsize'; API POST /api/hldilosses/getviewmodel ModelYears=2022-2024 VehicleClassId=3 VehicleSizeId=3 (raw/api_2022-2024/class3_size3.json) row 'BMW 3 series 4dr 4WD',https://www.iihs.org/research-areas/auto-insurance/insurance-losses-by-make-and-model
BMW 3 series plug-in hybrid 4dr,BMW,3 series plug-in hybrid 4dr,Luxury cars,Midsize,2022-24,124,96,113,,,,web table: Model years '2022-24' > class 'Luxury cars' > size 'Midsize'; API POST /api/hldilosses/getviewmodel ModelYears=2022-2024 VehicleClassId=3 VehicleSizeId=3 (raw/api_2022-2024/class3_size3.json) row 'BMW 3 series plug-in hybrid 4dr',https://www.iihs.org/research-areas/auto-insurance/insurance-losses-by-make-and-model
BMW 3 series plug-in hybrid 4dr 4WD,BMW,3 series plug-in hybrid 4dr 4WD,Luxury cars,Midsize,2022-24,119,76,98,,,,web table: Model years '2022-24' > class 'Luxury cars' > size 'Midsize'; API POST /api/hldilosses/getviewmodel ModelYears=2022-2024 VehicleClassId=3 VehicleSizeId=3 (raw/api_2022-2024/class3_size3.json) row 'BMW 3 series plug-in hybrid 4dr 4WD',https://www.iihs.org/research-areas/auto-insurance/insurance-losses-by-make-and-model
BMW 4 series 2dr,BMW,4 series 2dr,Luxury cars,Midsize,2022-24,163,92,138,,,,web table: Model years '2022-24' > class 'Luxury cars' > size 'Midsize'; API POST /api/hldilosses/getviewmodel ModelYears=2022-2024 VehicleClassId=3 VehicleSizeId=3 (raw/api_2022-2024/class3_size3.json) row 'BMW 4 series 2dr',https://www.iihs.org/research-areas/auto-insurance/insurance-losses-by-make-and-model
BMW 4 series 2dr 4WD,BMW,4 series 2dr 4WD,Luxury cars,Midsize,2022-24,146,73,121,123,,,web table: Model years '2022-24' > class 'Luxury cars' > size 'Midsize'; API POST /api/hldilosses/getviewmodel ModelYears=2022-2024 VehicleClassId=3 VehicleSizeId=3 (raw/api_2022-2024/class3_size3.json) row 'BMW 4 series 2dr 4WD',https://www.iihs.org/research-areas/auto-insurance/insurance-losses-by-make-and-model
BMW 4 series 4dr,BMW,4 series 4dr,Luxury cars,Midsize,2022-24,137,76,116,107,,,web table: Model years '2022-24' > class 'Luxury cars' > size 'Midsize'; API POST /api/hldilosses/getviewmodel ModelYears=2022-2024 VehicleClassId=3 VehicleSizeId=3 (raw/api_2022-2024/class3_size3.json) row 'BMW 4 series 4dr',https://www.iihs.org/research-areas/auto-insurance/insurance-losses-by-make-and-model
BMW 4 series 4dr 4WD,BMW,4 series 4dr 4WD,Luxury cars,Midsize,2022-24,132,80,137,118,,,web table: Model years '2022-24' > class 'Luxury cars' > size 'Midsize'; API POST /api/hldilosses/getviewmodel ModelYears=2022-2024 VehicleClassId=3 VehicleSizeId=3 (raw/api_2022-2024/class3_size3.json) row 'BMW 4 series 4dr 4WD',https://www.iihs.org/research-areas/auto-insurance/insurance-losses-by-make-and-model
BMW 4 series convertible,BMW,4 series convertible,Luxury cars,Midsize,2022-24,128,102,132,85,,,web table: Model years '2022-24' > class 'Luxury cars' > size 'Midsize'; API POST /api/hldilosses/getviewmodel ModelYears=2022-2024 VehicleClassId=3 VehicleSizeId=3 (raw/api_2022-2024/class3_size3.json) row 'BMW 4 series convertible',https://www.iihs.org/research-areas/auto-insurance/insurance-losses-by-make-and-model
BMW 4 series convertible 4WD,BMW,4 series convertible 4WD,Luxury cars,Midsize,2022-24,95,55,109,63,,,web table: Model years '2022-24' > class 'Luxury cars' > size 'Midsize'; API POST /api/hldilosses/getviewmodel ModelYears=2022-2024 VehicleClassId=3 VehicleSizeId=3 (raw/api_2022-2024/class3_size3.json) row 'BMW 4 series convertible 4WD',https://www.iihs.org/research-areas/auto-insurance/insurance-losses-by-make-and-model
BMW i4 electric 4dr,BMW,i4 electric 4dr,Luxury cars,Midsize,2022-24,163,122,103,84,108,106,web table: Model years '2022-24' > class 'Luxury cars' > size 'Midsize'; API POST /api/hldilosses/getviewmodel ModelYears=2022-2024 VehicleClassId=3 VehicleSizeId=3 (raw/api_2022-2024/class3_size3.json) row 'BMW i4 electric 4dr',https://www.iihs.org/research-areas/auto-insurance/insurance-losses-by-make-and-model
BMW i4 electric 4dr 4WD,BMW,i4 electric 4dr 4WD,Luxury cars,Midsize,2022-24,191,109,128,73,,,web table: Model years '2022-24' > class 'Luxury cars' > size 'Midsize'; API POST /api/hldilosses/getviewmodel ModelYears=2022-2024 VehicleClassId=3 VehicleSizeId=3 (raw/api_2022-2024/class3_size3.json) row 'BMW i4 electric 4dr 4WD',https://www.iihs.org/research-areas/auto-insurance/insurance-losses-by-make-and-model
BMW M2 2dr,BMW,M2 2dr,Luxury cars,Midsize,2022-24,248,75,154,,,,web table: Model years '2022-24' > class 'Luxury cars' > size 'Midsize'; API POST /api/hldilosses/getviewmodel ModelYears=2022-2024 VehicleClassId=3 VehicleSizeId=3 (raw/api_2022-2024/class3_size3.json) row 'BMW M2 2dr',https://www.iihs.org/research-areas/auto-insurance/insurance-losses-by-make-and-model
BMW M235xi 4dr 4WD,BMW,M235xi 4dr 4WD,Luxury cars,Midsize,2022-24,153,,110,,,,web table: Model years '2022-24' > class 'Luxury cars' > size 'Midsize'; API POST /api/hldilosses/getviewmodel ModelYears=2022-2024 VehicleClassId=3 VehicleSizeId=3 (raw/api_2022-2024/class3_size3.json) row 'BMW M235xi 4dr 4WD',https://www.iihs.org/research-areas/auto-insurance/insurance-losses-by-make-and-model
BMW M240i 2dr,BMW,M240i 2dr,Luxury cars,Midsize,2022-24,188,,186,,,,web table: Model years '2022-24' > class 'Luxury cars' > size 'Midsize'; API POST /api/hldilosses/getviewmodel ModelYears=2022-2024 VehicleClassId=3 VehicleSizeId=3 (raw/api_2022-2024/class3_size3.json) row 'BMW M240i 2dr',https://www.iihs.org/research-areas/auto-insurance/insurance-losses-by-make-and-model
BMW M240xi 2dr 4WD,BMW,M240xi 2dr 4WD,Luxury cars,Midsize,2022-24,155,80,117,,,,web table: Model years '2022-24' > class 'Luxury cars' > size 'Midsize'; API POST /api/hldilosses/getviewmodel ModelYears=2022-2024 VehicleClassId=3 VehicleSizeId=3 (raw/api_2022-2024/class3_size3.json) row 'BMW M240xi 2dr 4WD',https://www.iihs.org/research-areas/auto-insurance/insurance-losses-by-make-and-model
BMW M3 4dr,BMW,M3 4dr,Luxury cars,Midsize,2022-24,355,107,246,,,,web table: Model years '2022-24' > class 'Luxury cars' > size 'Midsize'; API POST /api/hldilosses/getviewmodel ModelYears=2022-2024 VehicleClassId=3 VehicleSizeId=3 (raw/api_2022-2024/class3_size3.json) row 'BMW M3 4dr',https://www.iihs.org/research-areas/auto-insurance/insurance-losses-by-make-and-model
BMW M3 4dr 4WD,BMW,M3 4dr 4WD,Luxury cars,Midsize,2022-24,583,150,297,131,,,web table: Model years '2022-24' > class 'Luxury cars' > size 'Midsize'; API POST /api/hldilosses/getviewmodel ModelYears=2022-2024 VehicleClassId=3 VehicleSizeId=3 (raw/api_2022-2024/class3_size3.json) row 'BMW M3 4dr 4WD',https://www.iihs.org/research-areas/auto-insurance/insurance-losses-by-make-and-model
BMW M340i 4dr,BMW,M340i 4dr,Luxury cars,Midsize,2022-24,238,118,164,,,,web table: Model years '2022-24' > class 'Luxury cars' > size 'Midsize'; API POST /api/hldilosses/getviewmodel ModelYears=2022-2024 VehicleClassId=3 VehicleSizeId=3 (raw/api_2022-2024/class3_size3.json) row 'BMW M340i 4dr',https://www.iihs.org/research-areas/auto-insurance/insurance-losses-by-make-and-model
BMW M340xi 4dr 4WD,BMW,M340xi 4dr 4WD,Luxury cars,Midsize,2022-24,221,101,164,104,,,web table: Model years '2022-24' > class 'Luxury cars' > size 'Midsize'; API POST /api/hldilosses/getviewmodel ModelYears=2022-2024 VehicleClassId=3 VehicleSizeId=3 (raw/api_2022-2024/class3_size3.json) row 'BMW M340xi 4dr 4WD',https://www.iihs.org/research-areas/auto-insurance/insurance-losses-by-make-and-model
BMW M4 2dr,BMW,M4 2dr,Luxury cars,Midsize,2022-24,310,,284,,,,web table: Model years '2022-24' > class 'Luxury cars' > size 'Midsize'; API POST /api/hldilosses/getviewmodel ModelYears=2022-2024 VehicleClassId=3 VehicleSizeId=3 (raw/api_2022-2024/class3_size3.json) row 'BMW M4 2dr',https://www.iihs.org/research-areas/auto-insurance/insurance-losses-by-make-and-model
BMW M4 2dr 4WD,BMW,M4 2dr 4WD,Luxury cars,Midsize,2022-24,549,180,278,,,,web table: Model years '2022-24' > class 'Luxury cars' > size 'Midsize'; API POST /api/hldilosses/getviewmodel ModelYears=2022-2024 VehicleClassId=3 VehicleSizeId=3 (raw/api_2022-2024/class3_size3.json) row 'BMW M4 2dr 4WD',https://www.iihs.org/research-areas/auto-insurance/insurance-losses-by-make-and-model
BMW M4 convertible 4WD,BMW,M4 convertible 4WD,Luxury cars,Midsize,2022-24,309,100,210,,,,web table: Model years '2022-24' > class 'Luxury cars' > size 'Midsize'; API POST /api/hldilosses/getviewmodel ModelYears=2022-2024 VehicleClassId=3 VehicleSizeId=3 (raw/api_2022-2024/class3_size3.json) row 'BMW M4 convertible 4WD',https://www.iihs.org/research-areas/auto-insurance/insurance-losses-by-make-and-model
BMW M440i 2dr,BMW,M440i 2dr,Luxury cars,Midsize,2022-24,192,113,,,,,web table: Model years '2022-24' > class 'Luxury cars' > size 'Midsize'; API POST /api/hldilosses/getviewmodel ModelYears=2022-2024 VehicleClassId=3 VehicleSizeId=3 (raw/api_2022-2024/class3_size3.json) row 'BMW M440i 2dr',https://www.iihs.org/research-areas/auto-insurance/insurance-losses-by-make-and-model
BMW M440i 4dr,BMW,M440i 4dr,Luxury cars,Midsize,2022-24,177,,,,,,web table: Model years '2022-24' > class 'Luxury cars' > size 'Midsize'; API POST /api/hldilosses/getviewmodel ModelYears=2022-2024 VehicleClassId=3 VehicleSizeId=3 (raw/api_2022-2024/class3_size3.json) row 'BMW M440i 4dr',https://www.iihs.org/research-areas/auto-insurance/insurance-losses-by-make-and-model
BMW M440i convertible,BMW,M440i convertible,Luxury cars,Midsize,2022-24,143,79,222,,,,web table: Model years '2022-24' > class 'Luxury cars' > size 'Midsize'; API POST /api/hldilosses/getviewmodel ModelYears=2022-2024 VehicleClassId=3 VehicleSizeId=3 (raw/api_2022-2024/class3_size3.json) row 'BMW M440i convertible',https://www.iihs.org/research-areas/auto-insurance/insurance-losses-by-make-and-model
BMW M440xi 2dr 4WD,BMW,M440xi 2dr 4WD,Luxury cars,Midsize,2022-24,187,103,174,,,,web table: Model years '2022-24' > class 'Luxury cars' > size 'Midsize'; API POST /api/hldilosses/getviewmodel ModelYears=2022-2024 VehicleClassId=3 VehicleSizeId=3 (raw/api_2022-2024/class3_size3.json) row 'BMW M440xi 2dr 4WD',https://www.iihs.org/research-areas/auto-insurance/insurance-losses-by-make-and-model
BMW M440xi 4dr 4WD,BMW,M440xi 4dr 4WD,Luxury cars,Midsize,2022-24,181,87,184,,,,web table: Model years '2022-24' > class 'Luxury cars' > size 'Midsize'; API POST /api/hldilosses/getviewmodel ModelYears=2022-2024 VehicleClassId=3 VehicleSizeId=3 (raw/api_2022-2024/class3_size3.json) row 'BMW M440xi 4dr 4WD',https://www.iihs.org/research-areas/auto-insurance/insurance-losses-by-make-and-model
BMW M440xi convertible 4WD,BMW,M440xi convertible 4WD,Luxury cars,Midsize,2022-24,119,56,146,,,,web table: Model years '2022-24' > class 'Luxury cars' > size 'Midsize'; API POST /api/hldilosses/getviewmodel ModelYears=2022-2024 VehicleClassId=3 VehicleSizeId=3 (raw/api_2022-2024/class3_size3.json) row 'BMW M440xi convertible 4WD',https://www.iihs.org/research-areas/auto-insurance/insurance-losses-by-make-and-model
Lexus ES 250 4dr 4WD,Lexus,ES 250 4dr 4WD,Luxury cars,Midsize,2022-24,124,88,124,,,,web table: Model years '2022-24' > class 'Luxury cars' > size 'Midsize'; API POST /api/hldilosses/getviewmodel ModelYears=2022-2024 VehicleClassId=3 VehicleSizeId=3 (raw/api_2022-2024/class3_size3.json) row 'Lexus ES 250 4dr 4WD',https://www.iihs.org/research-areas/auto-insurance/insurance-losses-by-make-and-model
Lexus ES 300h hybrid 4dr,Lexus,ES 300h hybrid 4dr,Luxury cars,Midsize,2022-24,174,127,140,98,248,148,web table: Model years '2022-24' > class 'Luxury cars' > size 'Midsize'; API POST /api/hldilosses/getviewmodel ModelYears=2022-2024 VehicleClassId=3 VehicleSizeId=3 (raw/api_2022-2024/class3_size3.json) row 'Lexus ES 300h hybrid 4dr',https://www.iihs.org/research-areas/auto-insurance/insurance-losses-by-make-and-model
Lexus ES 350 4dr,Lexus,ES 350 4dr,Luxury cars,Midsize,2022-24,121,78,108,100,129,92,web table: Model years '2022-24' > class 'Luxury cars' > size 'Midsize'; API POST /api/hldilosses/getviewmodel ModelYears=2022-2024 VehicleClassId=3 VehicleSizeId=3 (raw/api_2022-2024/class3_size3.json) row 'Lexus ES 350 4dr',https://www.iihs.org/research-areas/auto-insurance/insurance-losses-by-make-and-model
Mercedes-Benz C class 4dr,Mercedes-Benz,C class 4dr,Luxury cars,Midsize,2022-24,161,109,160,141,152,115,web table: Model years '2022-24' > class 'Luxury cars' > size 'Midsize'; API POST /api/hldilosses/getviewmodel ModelYears=2022-2024 VehicleClassId=3 VehicleSizeId=3 (raw/api_2022-2024/class3_size3.json) row 'Mercedes-Benz C class 4dr',https://www.iihs.org/research-areas/auto-insurance/insurance-losses-by-make-and-model
Mercedes-Benz C class 4dr 4WD,Mercedes-Benz,C class 4dr 4WD,Luxury cars,Midsize,2022-24,172,98,160,138,128,95,web table: Model years '2022-24' > class 'Luxury cars' > size 'Midsize'; API POST /api/hldilosses/getviewmodel ModelYears=2022-2024 VehicleClassId=3 VehicleSizeId=3 (raw/api_2022-2024/class3_size3.json) row 'Mercedes-Benz C class 4dr 4WD',https://www.iihs.org/research-areas/auto-insurance/insurance-losses-by-make-and-model
Mercedes-Benz CLA class AMG 4dr 4WD,Mercedes-Benz,CLA class AMG 4dr 4WD,Luxury cars,Midsize,2022-24,234,110,233,,,,web table: Model years '2022-24' > class 'Luxury cars' > size 'Midsize'; API POST /api/hldilosses/getviewmodel ModelYears=2022-2024 VehicleClassId=3 VehicleSizeId=3 (raw/api_2022-2024/class3_size3.json) row 'Mercedes-Benz CLA class AMG 4dr 4WD',https://www.iihs.org/research-areas/auto-insurance/insurance-losses-by-make-and-model
Tesla Model 3 electric 4dr,Tesla,Model 3 electric 4dr,Luxury cars,Midsize,2022-24,133,98,87,113,123,91,web table: Model years '2022-24' > class 'Luxury cars' > size 'Midsize'; API POST /api/hldilosses/getviewmodel ModelYears=2022-2024 VehicleClassId=3 VehicleSizeId=3 (raw/api_2022-2024/class3_size3.json) row 'Tesla Model 3 electric 4dr',https://www.iihs.org/research-areas/auto-insurance/insurance-losses-by-make-and-model
Tesla Model 3 electric 4dr 4WD,Tesla,Model 3 electric 4dr 4WD,Luxury cars,Midsize,2022-24,149,94,104,94,97,85,web table: Model years '2022-24' > class 'Luxury cars' > size 'Midsize'; API POST /api/hldilosses/getviewmodel ModelYears=2022-2024 VehicleClassId=3 VehicleSizeId=3 (raw/api_2022-2024/class3_size3.json) row 'Tesla Model 3 electric 4dr 4WD',https://www.iihs.org/research-areas/auto-insurance/insurance-losses-by-make-and-model
BMW 5 series 4dr,BMW,5 series 4dr,Luxury cars,Large,2022-24,132,50,105,,,,web table: Model years '2022-24' > class 'Luxury cars' > size 'Large'; API POST /api/hldilosses/getviewmodel ModelYears=2022-2024 VehicleClassId=3 VehicleSizeId=4 (raw/api_2022-2024/class3_size4.json) row 'BMW 5 series 4dr',https://www.iihs.org/research-areas/auto-insurance/insurance-losses-by-make-and-model
BMW 5 series 4dr 4WD,BMW,5 series 4dr 4WD,Luxury cars,Large,2022-24,127,,,,,,web table: Model years '2022-24' > class 'Luxury cars' > size 'Large'; API POST /api/hldilosses/getviewmodel ModelYears=2022-2024 VehicleClassId=3 VehicleSizeId=4 (raw/api_2022-2024/class3_size4.json) row 'BMW 5 series 4dr 4WD',https://www.iihs.org/research-areas/auto-insurance/insurance-losses-by-make-and-model
BMW i5 electric 4dr,BMW,i5 electric 4dr,Luxury cars,Large,2022-24,212,,,,,,web table: Model years '2022-24' > class 'Luxury cars' > size 'Large'; API POST /api/hldilosses/getviewmodel ModelYears=2022-2024 VehicleClassId=3 VehicleSizeId=4 (raw/api_2022-2024/class3_size4.json) row 'BMW i5 electric 4dr',https://www.iihs.org/research-areas/auto-insurance/insurance-losses-by-make-and-model
BMW i5 electric 4dr 4WD,BMW,i5 electric 4dr 4WD,Luxury cars,Large,2022-24,191,,150,,,,web table: Model years '2022-24' > class 'Luxury cars' > size 'Large'; API POST /api/hldilosses/getviewmodel ModelYears=2022-2024 VehicleClassId=3 VehicleSizeId=4 (raw/api_2022-2024/class3_size4.json) row 'BMW i5 electric 4dr 4WD',https://www.iihs.org/research-areas/auto-insurance/insurance-losses-by-make-and-model
BMW M8 2dr 4WD,BMW,M8 2dr 4WD,Luxury cars,Large,2022-24,443,,448,,,,web table: Model years '2022-24' > class 'Luxury cars' > size 'Large'; API POST /api/hldilosses/getviewmodel ModelYears=2022-2024 VehicleClassId=3 VehicleSizeId=4 (raw/api_2022-2024/class3_size4.json) row 'BMW M8 2dr 4WD',https://www.iihs.org/research-areas/auto-insurance/insurance-losses-by-make-and-model
BMW M8 4dr 4WD,BMW,M8 4dr 4WD,Luxury cars,Large,2022-24,530,131,428,,,,web table: Model years '2022-24' > class 'Luxury cars' > size 'Large'; API POST /api/hldilosses/getviewmodel ModelYears=2022-2024 VehicleClassId=3 VehicleSizeId=4 (raw/api_2022-2024/class3_size4.json) row 'BMW M8 4dr 4WD',https://www.iihs.org/research-areas/auto-insurance/insurance-losses-by-make-and-model
BMW M8 convertible 4WD,BMW,M8 convertible 4WD,Luxury cars,Large,2022-24,369,115,411,,,,web table: Model years '2022-24' > class 'Luxury cars' > size 'Large'; API POST /api/hldilosses/getviewmodel ModelYears=2022-2024 VehicleClassId=3 VehicleSizeId=4 (raw/api_2022-2024/class3_size4.json) row 'BMW M8 convertible 4WD',https://www.iihs.org/research-areas/auto-insurance/insurance-losses-by-make-and-model
BMW M850xi 2dr 4WD,BMW,M850xi 2dr 4WD,Luxury cars,Large,2022-24,240,,350,,,,web table: Model years '2022-24' > class 'Luxury cars' > size 'Large'; API POST /api/hldilosses/getviewmodel ModelYears=2022-2024 VehicleClassId=3 VehicleSizeId=4 (raw/api_2022-2024/class3_size4.json) row 'BMW M850xi 2dr 4WD',https://www.iihs.org/research-areas/auto-insurance/insurance-losses-by-make-and-model
BMW M850xi 4dr 4WD,BMW,M850xi 4dr 4WD,Luxury cars,Large,2022-24,321,130,319,,,,web table: Model years '2022-24' > class 'Luxury cars' > size 'Large'; API POST /api/hldilosses/getviewmodel ModelYears=2022-2024 VehicleClassId=3 VehicleSizeId=4 (raw/api_2022-2024/class3_size4.json) row 'BMW M850xi 4dr 4WD',https://www.iihs.org/research-areas/auto-insurance/insurance-losses-by-make-and-model
BMW M850xi convertible 4WD,BMW,M850xi convertible 4WD,Luxury cars,Large,2022-24,197,51,259,,,,web table: Model years '2022-24' > class 'Luxury cars' > size 'Large'; API POST /api/hldilosses/getviewmodel ModelYears=2022-2024 VehicleClassId=3 VehicleSizeId=4 (raw/api_2022-2024/class3_size4.json) row 'BMW M850xi convertible 4WD',https://www.iihs.org/research-areas/auto-insurance/insurance-losses-by-make-and-model
Tesla Model S 4dr electric 4WD,Tesla,Model S 4dr electric 4WD,Luxury cars,Large,2022-24,216,92,152,62,81,75,web table: Model years '2022-24' > class 'Luxury cars' > size 'Large'; API POST /api/hldilosses/getviewmodel ModelYears=2022-2024 VehicleClassId=3 VehicleSizeId=4 (raw/api_2022-2024/class3_size4.json) row 'Tesla Model S 4dr electric 4WD',https://www.iihs.org/research-areas/auto-insurance/insurance-losses-by-make-and-model
Porsche Boxster convertible,Porsche,Boxster convertible,Sports cars,Small,2022-24,132,65,,,,,web table: Model years '2022-24' > class 'Sports cars' > size 'Small'; API POST /api/hldilosses/getviewmodel ModelYears=2022-2024 VehicleClassId=4 VehicleSizeId=2 (raw/api_2022-2024/class4_size2.json) row 'Porsche Boxster convertible',https://www.iihs.org/research-areas/auto-insurance/insurance-losses-by-make-and-model
Porsche Cayman 2dr,Porsche,Cayman 2dr,Sports cars,Small,2022-24,147,27,,,,,web table: Model years '2022-24' > class 'Sports cars' > size 'Small'; API POST /api/hldilosses/getviewmodel ModelYears=2022-2024 VehicleClassId=4 VehicleSizeId=2 (raw/api_2022-2024/class4_size2.json) row 'Porsche Cayman 2dr',https://www.iihs.org/research-areas/auto-insurance/insurance-losses-by-make-and-model
Chevrolet Corvette 2dr,Chevrolet,Corvette 2dr,Sports cars,Midsize,2022-24,127,47,98,55,57,60,web table: Model years '2022-24' > class 'Sports cars' > size 'Midsize'; API POST /api/hldilosses/getviewmodel ModelYears=2022-2024 VehicleClassId=4 VehicleSizeId=3 (raw/api_2022-2024/class4_size3.json) row 'Chevrolet Corvette 2dr',https://www.iihs.org/research-areas/auto-insurance/insurance-losses-by-make-and-model
Chevrolet Corvette convertible,Chevrolet,Corvette convertible,Sports cars,Midsize,2022-24,111,43,90,53,42,46,web table: Model years '2022-24' > class 'Sports cars' > size 'Midsize'; API POST /api/hldilosses/getviewmodel ModelYears=2022-2024 VehicleClassId=4 VehicleSizeId=3 (raw/api_2022-2024/class4_size3.json) row 'Chevrolet Corvette convertible',https://www.iihs.org/research-areas/auto-insurance/insurance-losses-by-make-and-model
Ford Mustang 2dr,Ford,Mustang 2dr,Sports cars,Midsize,2022-24,150,118,102,,,,web table: Model years '2022-24' > class 'Sports cars' > size 'Midsize'; API POST /api/hldilosses/getviewmodel ModelYears=2022-2024 VehicleClassId=4 VehicleSizeId=3 (raw/api_2022-2024/class4_size3.json) row 'Ford Mustang 2dr',https://www.iihs.org/research-areas/auto-insurance/insurance-losses-by-make-and-model
Ford Mustang convertible,Ford,Mustang convertible,Sports cars,Midsize,2022-24,96,,,,,,web table: Model years '2022-24' > class 'Sports cars' > size 'Midsize'; API POST /api/hldilosses/getviewmodel ModelYears=2022-2024 VehicleClassId=4 VehicleSizeId=3 (raw/api_2022-2024/class4_size3.json) row 'Ford Mustang convertible',https://www.iihs.org/research-areas/auto-insurance/insurance-losses-by-make-and-model
Mercedes-Benz AMG SL class convertible,Mercedes-Benz,AMG SL class convertible,Sports cars,Midsize,2022-24,210,64,292,,,,web table: Model years '2022-24' > class 'Sports cars' > size 'Midsize'; API POST /api/hldilosses/getviewmodel ModelYears=2022-2024 VehicleClassId=4 VehicleSizeId=3 (raw/api_2022-2024/class4_size3.json) row 'Mercedes-Benz AMG SL class convertible',https://www.iihs.org/research-areas/auto-insurance/insurance-losses-by-make-and-model
Porsche 911 Carrera 2dr,Porsche,911 Carrera 2dr,Sports cars,Midsize,2022-24,198,23,165,30,,,web table: Model years '2022-24' > class 'Sports cars' > size 'Midsize'; API POST /api/hldilosses/getviewmodel ModelYears=2022-2024 VehicleClassId=4 VehicleSizeId=3 (raw/api_2022-2024/class4_size3.json) row 'Porsche 911 Carrera 2dr',https://www.iihs.org/research-areas/auto-insurance/insurance-losses-by-make-and-model
Porsche 911 Carrera convertible,Porsche,911 Carrera convertible,Sports cars,Midsize,2022-24,173,42,159,,,,web table: Model years '2022-24' > class 'Sports cars' > size 'Midsize'; API POST /api/hldilosses/getviewmodel ModelYears=2022-2024 VehicleClassId=4 VehicleSizeId=3 (raw/api_2022-2024/class4_size3.json) row 'Porsche 911 Carrera convertible',https://www.iihs.org/research-areas/auto-insurance/insurance-losses-by-make-and-model
Porsche 911 Targa 2dr 4WD,Porsche,911 Targa 2dr 4WD,Sports cars,Midsize,2022-24,131,26,,,,,web table: Model years '2022-24' > class 'Sports cars' > size 'Midsize'; API POST /api/hldilosses/getviewmodel ModelYears=2022-2024 VehicleClassId=4 VehicleSizeId=3 (raw/api_2022-2024/class4_size3.json) row 'Porsche 911 Targa 2dr 4WD',https://www.iihs.org/research-areas/auto-insurance/insurance-losses-by-make-and-model
Porsche 911 Turbo 2dr 4WD,Porsche,911 Turbo 2dr 4WD,Sports cars,Midsize,2022-24,230,34,290,,,,web table: Model years '2022-24' > class 'Sports cars' > size 'Midsize'; API POST /api/hldilosses/getviewmodel ModelYears=2022-2024 VehicleClassId=4 VehicleSizeId=3 (raw/api_2022-2024/class4_size3.json) row 'Porsche 911 Turbo 2dr 4WD',https://www.iihs.org/research-areas/auto-insurance/insurance-losses-by-make-and-model
Porsche 911 Turbo convertible 4WD,Porsche,911 Turbo convertible 4WD,Sports cars,Midsize,2022-24,252,,,,,,web table: Model years '2022-24' > class 'Sports cars' > size 'Midsize'; API POST /api/hldilosses/getviewmodel ModelYears=2022-2024 VehicleClassId=4 VehicleSizeId=3 (raw/api_2022-2024/class4_size3.json) row 'Porsche 911 Turbo convertible 4WD',https://www.iihs.org/research-areas/auto-insurance/insurance-losses-by-make-and-model
Chevrolet Camaro 2dr,Chevrolet,Camaro 2dr,Sports cars,Large,2022-24,158,133,227,136,154,169,web table: Model years '2022-24' > class 'Sports cars' > size 'Large'; API POST /api/hldilosses/getviewmodel ModelYears=2022-2024 VehicleClassId=4 VehicleSizeId=4 (raw/api_2022-2024/class4_size4.json) row 'Chevrolet Camaro 2dr',https://www.iihs.org/research-areas/auto-insurance/insurance-losses-by-make-and-model
Chevrolet Camaro convertible,Chevrolet,Camaro convertible,Sports cars,Large,2022-24,124,107,181,105,,,web table: Model years '2022-24' > class 'Sports cars' > size 'Large'; API POST /api/hldilosses/getviewmodel ModelYears=2022-2024 VehicleClassId=4 VehicleSizeId=4 (raw/api_2022-2024/class4_size4.json) row 'Chevrolet Camaro convertible',https://www.iihs.org/research-areas/auto-insurance/insurance-losses-by-make-and-model
Porsche Taycan electric 4dr 4WD,Porsche,Taycan electric 4dr 4WD,Sports cars,Large,2022-24,236,83,212,54,,73,web table: Model years '2022-24' > class 'Sports cars' > size 'Large'; API POST /api/hldilosses/getviewmodel ModelYears=2022-2024 VehicleClassId=4 VehicleSizeId=4 (raw/api_2022-2024/class4_size4.json) row 'Porsche Taycan electric 4dr 4WD',https://www.iihs.org/research-areas/auto-insurance/insurance-losses-by-make-and-model
Porsche Taycan electric station wagon,Porsche,Taycan electric station wagon,Sports cars,Large,2022-24,226,34,173,,,,web table: Model years '2022-24' > class 'Sports cars' > size 'Large'; API POST /api/hldilosses/getviewmodel ModelYears=2022-2024 VehicleClassId=4 VehicleSizeId=4 (raw/api_2022-2024/class4_size4.json) row 'Porsche Taycan electric station wagon',https://www.iihs.org/research-areas/auto-insurance/insurance-losses-by-make-and-model
Chrysler Pacifica,Chrysler,Pacifica,Minivans,Very large,2022-24,77,84,93,86,97,93,web table: Model years '2022-24' > class 'Minivans' > size 'Very large'; API POST /api/hldilosses/getviewmodel ModelYears=2022-2024 VehicleClassId=5 VehicleSizeId=5 (raw/api_2022-2024/class5_size5.json) row 'Chrysler Pacifica',https://www.iihs.org/research-areas/auto-insurance/insurance-losses-by-make-and-model
Chrysler Pacifica 4WD,Chrysler,Pacifica 4WD,Minivans,Very large,2022-24,73,86,82,71,70,100,web table: Model years '2022-24' > class 'Minivans' > size 'Very large'; API POST /api/hldilosses/getviewmodel ModelYears=2022-2024 VehicleClassId=5 VehicleSizeId=5 (raw/api_2022-2024/class5_size5.json) row 'Chrysler Pacifica 4WD',https://www.iihs.org/research-areas/auto-insurance/insurance-losses-by-make-and-model
Chrysler Pacifica plug-in hybrid,Chrysler,Pacifica plug-in hybrid,Minivans,Very large,2022-24,87,101,88,76,75,97,web table: Model years '2022-24' > class 'Minivans' > size 'Very large'; API POST /api/hldilosses/getviewmodel ModelYears=2022-2024 VehicleClassId=5 VehicleSizeId=5 (raw/api_2022-2024/class5_size5.json) row 'Chrysler Pacifica plug-in hybrid',https://www.iihs.org/research-areas/auto-insurance/insurance-losses-by-make-and-model
Honda Odyssey,Honda,Odyssey,Minivans,Very large,2022-24,80,83,72,89,84,70,web table: Model years '2022-24' > class 'Minivans' > size 'Very large'; API POST /api/hldilosses/getviewmodel ModelYears=2022-2024 VehicleClassId=5 VehicleSizeId=5 (raw/api_2022-2024/class5_size5.json) row 'Honda Odyssey',https://www.iihs.org/research-areas/auto-insurance/insurance-losses-by-make-and-model
Kia Carnival,Kia,Carnival,Minivans,Very large,2022-24,96,87,94,113,114,97,web table: Model years '2022-24' > class 'Minivans' > size 'Very large'; API POST /api/hldilosses/getviewmodel ModelYears=2022-2024 VehicleClassId=5 VehicleSizeId=5 (raw/api_2022-2024/class5_size5.json) row 'Kia Carnival',https://www.iihs.org/research-areas/auto-insurance/insurance-losses-by-make-and-model
Toyota Sienna hybrid van,Toyota,Sienna hybrid van,Minivans,Very large,2022-24,116,99,94,119,132,113,web table: Model years '2022-24' > class 'Minivans' > size 'Very large'; API POST /api/hldilosses/getviewmodel ModelYears=2022-2024 VehicleClassId=5 VehicleSizeId=5 (raw/api_2022-2024/class5_size5.json) row 'Toyota Sienna hybrid van',https://www.iihs.org/research-areas/auto-insurance/insurance-losses-by-make-and-model
Toyota Sienna hybrid van 4WD,Toyota,Sienna hybrid van 4WD,Minivans,Very large,2022-24,104,82,96,98,88,92,web table: Model years '2022-24' > class 'Minivans' > size 'Very large'; API POST /api/hldilosses/getviewmodel ModelYears=2022-2024 VehicleClassId=5 VehicleSizeId=5 (raw/api_2022-2024/class5_size5.json) row 'Toyota Sienna hybrid van 4WD',https://www.iihs.org/research-areas/auto-insurance/insurance-losses-by-make-and-model
Chevrolet Colorado crew cab,Chevrolet,Colorado crew cab,Pickups,Small,2022-24,71,112,61,86,,,web table: Model years '2022-24' > class 'Pickups' > size 'Small'; API POST /api/hldilosses/getviewmodel ModelYears=2022-2024 VehicleClassId=6 VehicleSizeId=2 (raw/api_2022-2024/class6_size2.json) row 'Chevrolet Colorado crew cab',https://www.iihs.org/research-areas/auto-insurance/insurance-losses-by-make-and-model
Chevrolet Colorado crew cab 4WD,Chevrolet,Colorado crew cab 4WD,Pickups,Small,2022-24,69,98,70,64,73,90,web table: Model years '2022-24' > class 'Pickups' > size 'Small'; API POST /api/hldilosses/getviewmodel ModelYears=2022-2024 VehicleClassId=6 VehicleSizeId=2 (raw/api_2022-2024/class6_size2.json) row 'Chevrolet Colorado crew cab 4WD',https://www.iihs.org/research-areas/auto-insurance/insurance-losses-by-make-and-model
Ford Maverick crew cab pickup,Ford,Maverick crew cab pickup,Pickups,Small,2022-24,78,109,72,93,94,114,web table: Model years '2022-24' > class 'Pickups' > size 'Small'; API POST /api/hldilosses/getviewmodel ModelYears=2022-2024 VehicleClassId=6 VehicleSizeId=2 (raw/api_2022-2024/class6_size2.json) row 'Ford Maverick crew cab pickup',https://www.iihs.org/research-areas/auto-insurance/insurance-losses-by-make-and-model
Ford Maverick crew cab pickup 4WD,Ford,Maverick crew cab pickup 4WD,Pickups,Small,2022-24,76,91,85,73,91,90,web table: Model years '2022-24' > class 'Pickups' > size 'Small'; API POST /api/hldilosses/getviewmodel ModelYears=2022-2024 VehicleClassId=6 VehicleSizeId=2 (raw/api_2022-2024/class6_size2.json) row 'Ford Maverick crew cab pickup 4WD',https://www.iihs.org/research-areas/auto-insurance/insurance-losses-by-make-and-model
Ford Maverick hybrid crew cab pickup,Ford,Maverick hybrid crew cab pickup,Pickups,Small,2022-24,70,92,73,68,79,91,web table: Model years '2022-24' > class 'Pickups' > size 'Small'; API POST /api/hldilosses/getviewmodel ModelYears=2022-2024 VehicleClassId=6 VehicleSizeId=2 (raw/api_2022-2024/class6_size2.json) row 'Ford Maverick hybrid crew cab pickup',https://www.iihs.org/research-areas/auto-insurance/insurance-losses-by-make-and-model
Ford Ranger crew cab,Ford,Ranger crew cab,Pickups,Small,2022-24,72,,,,,,web table: Model years '2022-24' > class 'Pickups' > size 'Small'; API POST /api/hldilosses/getviewmodel ModelYears=2022-2024 VehicleClassId=6 VehicleSizeId=2 (raw/api_2022-2024/class6_size2.json) row 'Ford Ranger crew cab',https://www.iihs.org/research-areas/auto-insurance/insurance-losses-by-make-and-model
Ford Ranger crew cab 4WD,Ford,Ranger crew cab 4WD,Pickups,Small,2022-24,80,70,75,64,,,web table: Model years '2022-24' > class 'Pickups' > size 'Small'; API POST /api/hldilosses/getviewmodel ModelYears=2022-2024 VehicleClassId=6 VehicleSizeId=2 (raw/api_2022-2024/class6_size2.json) row 'Ford Ranger crew cab 4WD',https://www.iihs.org/research-areas/auto-insurance/insurance-losses-by-make-and-model
GMC Canyon crew cab,GMC,Canyon crew cab,Pickups,Small,2022-24,91,113,51,,,,web table: Model years '2022-24' > class 'Pickups' > size 'Small'; API POST /api/hldilosses/getviewmodel ModelYears=2022-2024 VehicleClassId=6 VehicleSizeId=2 (raw/api_2022-2024/class6_size2.json) row 'GMC Canyon crew cab',https://www.iihs.org/research-areas/auto-insurance/insurance-losses-by-make-and-model
GMC Canyon crew cab 4WD,GMC,Canyon crew cab 4WD,Pickups,Small,2022-24,69,86,65,49,41,93,web table: Model years '2022-24' > class 'Pickups' > size 'Small'; API POST /api/hldilosses/getviewmodel ModelYears=2022-2024 VehicleClassId=6 VehicleSizeId=2 (raw/api_2022-2024/class6_size2.json) row 'GMC Canyon crew cab 4WD',https://www.iihs.org/research-areas/auto-insurance/insurance-losses-by-make-and-model
Honda Ridgeline crew cab 4WD,Honda,Ridgeline crew cab 4WD,Pickups,Small,2022-24,77,91,82,73,66,79,web table: Model years '2022-24' > class 'Pickups' > size 'Small'; API POST /api/hldilosses/getviewmodel ModelYears=2022-2024 VehicleClassId=6 VehicleSizeId=2 (raw/api_2022-2024/class6_size2.json) row 'Honda Ridgeline crew cab 4WD',https://www.iihs.org/research-areas/auto-insurance/insurance-losses-by-make-and-model
Hyundai Santa Cruz crew cab pickup,Hyundai,Santa Cruz crew cab pickup,Pickups,Small,2022-24,92,102,85,113,118,121,web table: Model years '2022-24' > class 'Pickups' > size 'Small'; API POST /api/hldilosses/getviewmodel ModelYears=2022-2024 VehicleClassId=6 VehicleSizeId=2 (raw/api_2022-2024/class6_size2.json) row 'Hyundai Santa Cruz crew cab pickup',https://www.iihs.org/research-areas/auto-insurance/insurance-losses-by-make-and-model
Hyundai Santa Cruz crew cab pickup 4WD,Hyundai,Santa Cruz crew cab pickup 4WD,Pickups,Small,2022-24,97,99,91,90,97,90,web table: Model years '2022-24' > class 'Pickups' > size 'Small'; API POST /api/hldilosses/getviewmodel ModelYears=2022-2024 VehicleClassId=6 VehicleSizeId=2 (raw/api_2022-2024/class6_size2.json) row 'Hyundai Santa Cruz crew cab pickup 4WD',https://www.iihs.org/research-areas/auto-insurance/insurance-losses-by-make-and-model
Jeep Gladiator crew cab pickup convertible 4WD,Jeep,Gladiator crew cab pickup convertible 4WD,Pickups,Small,2022-24,63,155,84,76,78,127,web table: Model years '2022-24' > class 'Pickups' > size 'Small'; API POST /api/hldilosses/getviewmodel ModelYears=2022-2024 VehicleClassId=6 VehicleSizeId=2 (raw/api_2022-2024/class6_size2.json) row 'Jeep Gladiator crew cab pickup convertible 4WD',https://www.iihs.org/research-areas/auto-insurance/insurance-losses-by-make-and-model
Nissan Frontier crew cab LWB,Nissan,Frontier crew cab LWB,Pickups,Small,2022-24,67,,,,,,web table: Model years '2022-24' > class 'Pickups' > size 'Small'; API POST /api/hldilosses/getviewmodel ModelYears=2022-2024 VehicleClassId=6 VehicleSizeId=2 (raw/api_2022-2024/class6_size2.json) row 'Nissan Frontier crew cab LWB',https://www.iihs.org/research-areas/auto-insurance/insurance-losses-by-make-and-model
Nissan Frontier crew cab LWB 4WD,Nissan,Frontier crew cab LWB 4WD,Pickups,Small,2022-24,77,76,90,,,,web table: Model years '2022-24' > class 'Pickups' > size 'Small'; API POST /api/hldilosses/getviewmodel ModelYears=2022-2024 VehicleClassId=6 VehicleSizeId=2 (raw/api_2022-2024/class6_size2.json) row 'Nissan Frontier crew cab LWB 4WD',https://www.iihs.org/research-areas/auto-insurance/insurance-losses-by-make-and-model
Nissan Frontier crew cab SWB,Nissan,Frontier crew cab SWB,Pickups,Small,2022-24,92,94,77,87,99,93,web table: Model years '2022-24' > class 'Pickups' > size 'Small'; API POST /api/hldilosses/getviewmodel ModelYears=2022-2024 VehicleClassId=6 VehicleSizeId=2 (raw/api_2022-2024/class6_size2.json) row 'Nissan Frontier crew cab SWB',https://www.iihs.org/research-areas/auto-insurance/insurance-losses-by-make-and-model
Nissan Frontier crew cab SWB 4WD,Nissan,Frontier crew cab SWB 4WD,Pickups,Small,2022-24,83,87,80,73,80,82,web table: Model years '2022-24' > class 'Pickups' > size 'Small'; API POST /api/hldilosses/getviewmodel ModelYears=2022-2024 VehicleClassId=6 VehicleSizeId=2 (raw/api_2022-2024/class6_size2.json) row 'Nissan Frontier crew cab SWB 4WD',https://www.iihs.org/research-areas/auto-insurance/insurance-losses-by-make-and-model
Nissan Frontier ext. cab,Nissan,Frontier ext. cab,Pickups,Small,2022-24,90,109,72,,,,web table: Model years '2022-24' > class 'Pickups' > size 'Small'; API POST /api/hldilosses/getviewmodel ModelYears=2022-2024 VehicleClassId=6 VehicleSizeId=2 (raw/api_2022-2024/class6_size2.json) row 'Nissan Frontier ext. cab',https://www.iihs.org/research-areas/auto-insurance/insurance-losses-by-make-and-model
Nissan Frontier ext. cab 4WD,Nissan,Frontier ext. cab 4WD,Pickups,Small,2022-24,74,68,74,56,,,web table: Model years '2022-24' > class 'Pickups' > size 'Small'; API POST /api/hldilosses/getviewmodel ModelYears=2022-2024 VehicleClassId=6 VehicleSizeId=2 (raw/api_2022-2024/class6_size2.json) row 'Nissan Frontier ext. cab 4WD',https://www.iihs.org/research-areas/auto-insurance/insurance-losses-by-make-and-model
Toyota Tacoma double cab pickup,Toyota,Tacoma double cab pickup,Pickups,Small,2022-24,87,92,76,100,,,web table: Model years '2022-24' > class 'Pickups' > size 'Small'; API POST /api/hldilosses/getviewmodel ModelYears=2022-2024 VehicleClassId=6 VehicleSizeId=2 (raw/api_2022-2024/class6_size2.json) row 'Toyota Tacoma double cab pickup',https://www.iihs.org/research-areas/auto-insurance/insurance-losses-by-make-and-model
Toyota Tacoma double cab pickup 4WD,Toyota,Tacoma double cab pickup 4WD,Pickups,Small,2022-24,87,73,86,76,80,85,web table: Model years '2022-24' > class 'Pickups' > size 'Small'; API POST /api/hldilosses/getviewmodel ModelYears=2022-2024 VehicleClassId=6 VehicleSizeId=2 (raw/api_2022-2024/class6_size2.json) row 'Toyota Tacoma double cab pickup 4WD',https://www.iihs.org/research-areas/auto-insurance/insurance-losses-by-make-and-model
Toyota Tacoma hybrid double cab pickup 4WD,Toyota,Tacoma hybrid double cab pickup 4WD,Pickups,Small,2022-24,99,,,,,,web table: Model years '2022-24' > class 'Pickups' > size 'Small'; API POST /api/hldilosses/getviewmodel ModelYears=2022-2024 VehicleClassId=6 VehicleSizeId=2 (raw/api_2022-2024/class6_size2.json) row 'Toyota Tacoma hybrid double cab pickup 4WD',https://www.iihs.org/research-areas/auto-insurance/insurance-losses-by-make-and-model
Chevrolet Silverado 1500,Chevrolet,Silverado 1500,Pickups,Large,2022-24,70,152,70,,,,web table: Model years '2022-24' > class 'Pickups' > size 'Large'; API POST /api/hldilosses/getviewmodel ModelYears=2022-2024 VehicleClassId=6 VehicleSizeId=4 (raw/api_2022-2024/class6_size4.json) row 'Chevrolet Silverado 1500',https://www.iihs.org/research-areas/auto-insurance/insurance-losses-by-make-and-model
Chevrolet Silverado 1500 4WD,Chevrolet,Silverado 1500 4WD,Pickups,Large,2022-24,79,138,,,,,web table: Model years '2022-24' > class 'Pickups' > size 'Large'; API POST /api/hldilosses/getviewmodel ModelYears=2022-2024 VehicleClassId=6 VehicleSizeId=4 (raw/api_2022-2024/class6_size4.json) row 'Chevrolet Silverado 1500 4WD',https://www.iihs.org/research-areas/auto-insurance/insurance-losses-by-make-and-model
Chevrolet Silverado 1500 crew cab,Chevrolet,Silverado 1500 crew cab,Pickups,Large,2022-24,94,133,90,97,101,141,web table: Model years '2022-24' > class 'Pickups' > size 'Large'; API POST /api/hldilosses/getviewmodel ModelYears=2022-2024 VehicleClassId=6 VehicleSizeId=4 (raw/api_2022-2024/class6_size4.json) row 'Chevrolet Silverado 1500 crew cab',https://www.iihs.org/research-areas/auto-insurance/insurance-losses-by-make-and-model
Chevrolet Silverado 1500 crew cab 4WD,Chevrolet,Silverado 1500 crew cab 4WD,Pickups,Large,2022-24,89,120,98,67,68,111,web table: Model years '2022-24' > class 'Pickups' > size 'Large'; API POST /api/hldilosses/getviewmodel ModelYears=2022-2024 VehicleClassId=6 VehicleSizeId=4 (raw/api_2022-2024/class6_size4.json) row 'Chevrolet Silverado 1500 crew cab 4WD',https://www.iihs.org/research-areas/auto-insurance/insurance-losses-by-make-and-model
Chevrolet Silverado 1500 ext. cab,Chevrolet,Silverado 1500 ext. cab,Pickups,Large,2022-24,95,161,61,,,,web table: Model years '2022-24' > class 'Pickups' > size 'Large'; API POST /api/hldilosses/getviewmodel ModelYears=2022-2024 VehicleClassId=6 VehicleSizeId=4 (raw/api_2022-2024/class6_size4.json) row 'Chevrolet Silverado 1500 ext. cab',https://www.iihs.org/research-areas/auto-insurance/insurance-losses-by-make-and-model
Chevrolet Silverado 1500 ext. cab 4WD,Chevrolet,Silverado 1500 ext. cab 4WD,Pickups,Large,2022-24,75,99,71,68,72,93,web table: Model years '2022-24' > class 'Pickups' > size 'Large'; API POST /api/hldilosses/getviewmodel ModelYears=2022-2024 VehicleClassId=6 VehicleSizeId=4 (raw/api_2022-2024/class6_size4.json) row 'Chevrolet Silverado 1500 ext. cab 4WD',https://www.iihs.org/research-areas/auto-insurance/insurance-losses-by-make-and-model
Ford F-150,Ford,F-150,Pickups,Large,2022-24,110,112,84,,,,web table: Model years '2022-24' > class 'Pickups' > size 'Large'; API POST /api/hldilosses/getviewmodel ModelYears=2022-2024 VehicleClassId=6 VehicleSizeId=4 (raw/api_2022-2024/class6_size4.json) row 'Ford F-150',https://www.iihs.org/research-areas/auto-insurance/insurance-losses-by-make-and-model
Ford F-150 4WD,Ford,F-150 4WD,Pickups,Large,2022-24,107,109,72,,,,web table: Model years '2022-24' > class 'Pickups' > size 'Large'; API POST /api/hldilosses/getviewmodel ModelYears=2022-2024 VehicleClassId=6 VehicleSizeId=4 (raw/api_2022-2024/class6_size4.json) row 'Ford F-150 4WD',https://www.iihs.org/research-areas/auto-insurance/insurance-losses-by-make-and-model
Ford F-150 hybrid crew,Ford,F-150 hybrid crew,Pickups,Large,2022-24,86,104,115,,,,web table: Model years '2022-24' > class 'Pickups' > size 'Large'; API POST /api/hldilosses/getviewmodel ModelYears=2022-2024 VehicleClassId=6 VehicleSizeId=4 (raw/api_2022-2024/class6_size4.json) row 'Ford F-150 hybrid crew',https://www.iihs.org/research-areas/auto-insurance/insurance-losses-by-make-and-model
Ford F-150 hybrid crew 4WD,Ford,F-150 hybrid crew 4WD,Pickups,Large,2022-24,90,89,102,63,63,69,web table: Model years '2022-24' > class 'Pickups' > size 'Large'; API POST /api/hldilosses/getviewmodel ModelYears=2022-2024 VehicleClassId=6 VehicleSizeId=4 (raw/api_2022-2024/class6_size4.json) row 'Ford F-150 hybrid crew 4WD',https://www.iihs.org/research-areas/auto-insurance/insurance-losses-by-make-and-model
Ford F-150 Lightning electric crew cab pickup 4WD,Ford,F-150 Lightning electric crew cab pickup 4WD,Pickups,Large,2022-24,115,126,95,58,56,84,web table: Model years '2022-24' > class 'Pickups' > size 'Large'; API POST /api/hldilosses/getviewmodel ModelYears=2022-2024 VehicleClassId=6 VehicleSizeId=4 (raw/api_2022-2024/class6_size4.json) row 'Ford F-150 Lightning electric crew cab pickup 4WD',https://www.iihs.org/research-areas/auto-insurance/insurance-losses-by-make-and-model
Ford F-150 SuperCab,Ford,F-150 SuperCab,Pickups,Large,2022-24,84,111,80,,,,web table: Model years '2022-24' > class 'Pickups' > size 'Large'; API POST /api/hldilosses/getviewmodel ModelYears=2022-2024 VehicleClassId=6 VehicleSizeId=4 (raw/api_2022-2024/class6_size4.json) row 'Ford F-150 SuperCab',https://www.iihs.org/research-areas/auto-insurance/insurance-losses-by-make-and-model
Ford F-150 SuperCab 4WD,Ford,F-150 SuperCab 4WD,Pickups,Large,2022-24,74,87,78,58,63,91,web table: Model years '2022-24' > class 'Pickups' > size 'Large'; API POST /api/hldilosses/getviewmodel ModelYears=2022-2024 VehicleClassId=6 VehicleSizeId=4 (raw/api_2022-2024/class6_size4.json) row 'Ford F-150 SuperCab 4WD',https://www.iihs.org/research-areas/auto-insurance/insurance-losses-by-make-and-model
Ford F-150 SuperCrew,Ford,F-150 SuperCrew,Pickups,Large,2022-24,92,110,84,84,104,121,web table: Model years '2022-24' > class 'Pickups' > size 'Large'; API POST /api/hldilosses/getviewmodel ModelYears=2022-2024 VehicleClassId=6 VehicleSizeId=4 (raw/api_2022-2024/class6_size4.json) row 'Ford F-150 SuperCrew',https://www.iihs.org/research-areas/auto-insurance/insurance-losses-by-make-and-model
Ford F-150 SuperCrew 4WD,Ford,F-150 SuperCrew 4WD,Pickups,Large,2022-24,86,93,98,65,63,80,web table: Model years '2022-24' > class 'Pickups' > size 'Large'; API POST /api/hldilosses/getviewmodel ModelYears=2022-2024 VehicleClassId=6 VehicleSizeId=4 (raw/api_2022-2024/class6_size4.json) row 'Ford F-150 SuperCrew 4WD',https://www.iihs.org/research-areas/auto-insurance/insurance-losses-by-make-and-model
GMC Sierra 1500,GMC,Sierra 1500,Pickups,Large,2022-24,67,,,,,,web table: Model years '2022-24' > class 'Pickups' > size 'Large'; API POST /api/hldilosses/getviewmodel ModelYears=2022-2024 VehicleClassId=6 VehicleSizeId=4 (raw/api_2022-2024/class6_size4.json) row 'GMC Sierra 1500',https://www.iihs.org/research-areas/auto-insurance/insurance-losses-by-make-and-model
GMC Sierra 1500 4WD,GMC,Sierra 1500 4WD,Pickups,Large,2022-24,78,,,,,,web table: Model years '2022-24' > class 'Pickups' > size 'Large'; API POST /api/hldilosses/getviewmodel ModelYears=2022-2024 VehicleClassId=6 VehicleSizeId=4 (raw/api_2022-2024/class6_size4.json) row 'GMC Sierra 1500 4WD',https://www.iihs.org/research-areas/auto-insurance/insurance-losses-by-make-and-model
GMC Sierra 1500 crew cab,GMC,Sierra 1500 crew cab,Pickups,Large,2022-24,87,106,121,78,111,117,web table: Model years '2022-24' > class 'Pickups' > size 'Large'; API POST /api/hldilosses/getviewmodel ModelYears=2022-2024 VehicleClassId=6 VehicleSizeId=4 (raw/api_2022-2024/class6_size4.json) row 'GMC Sierra 1500 crew cab',https://www.iihs.org/research-areas/auto-insurance/insurance-losses-by-make-and-model
GMC Sierra 1500 crew cab 4WD,GMC,Sierra 1500 crew cab 4WD,Pickups,Large,2022-24,93,108,124,63,64,92,web table: Model years '2022-24' > class 'Pickups' > size 'Large'; API POST /api/hldilosses/getviewmodel ModelYears=2022-2024 VehicleClassId=6 VehicleSizeId=4 (raw/api_2022-2024/class6_size4.json) row 'GMC Sierra 1500 crew cab 4WD',https://www.iihs.org/research-areas/auto-insurance/insurance-losses-by-make-and-model
GMC Sierra 1500 ext. cab,GMC,Sierra 1500 ext. cab,Pickups,Large,2022-24,93,133,96,,,,web table: Model years '2022-24' > class 'Pickups' > size 'Large'; API POST /api/hldilosses/getviewmodel ModelYears=2022-2024 VehicleClassId=6 VehicleSizeId=4 (raw/api_2022-2024/class6_size4.json) row 'GMC Sierra 1500 ext. cab',https://www.iihs.org/research-areas/auto-insurance/insurance-losses-by-make-and-model
GMC Sierra 1500 ext. cab 4WD,GMC,Sierra 1500 ext. cab 4WD,Pickups,Large,2022-24,94,116,80,59,59,118,web table: Model years '2022-24' > class 'Pickups' > size 'Large'; API POST /api/hldilosses/getviewmodel ModelYears=2022-2024 VehicleClassId=6 VehicleSizeId=4 (raw/api_2022-2024/class6_size4.json) row 'GMC Sierra 1500 ext. cab 4WD',https://www.iihs.org/research-areas/auto-insurance/insurance-losses-by-make-and-model
Ram 1500 Classic crew cab SWB,Ram,1500 Classic crew cab SWB,Pickups,Large,2022-24,126,248,71,,,,web table: Model years '2022-24' > class 'Pickups' > size 'Large'; API POST /api/hldilosses/getviewmodel ModelYears=2022-2024 VehicleClassId=6 VehicleSizeId=4 (raw/api_2022-2024/class6_size4.json) row 'Ram 1500 Classic crew cab SWB',https://www.iihs.org/research-areas/auto-insurance/insurance-losses-by-make-and-model
Ram 1500 Classic crew cab SWB 4WD,Ram,1500 Classic crew cab SWB 4WD,Pickups,Large,2022-24,111,186,71,,,,web table: Model years '2022-24' > class 'Pickups' > size 'Large'; API POST /api/hldilosses/getviewmodel ModelYears=2022-2024 VehicleClassId=6 VehicleSizeId=4 (raw/api_2022-2024/class6_size4.json) row 'Ram 1500 Classic crew cab SWB 4WD',https://www.iihs.org/research-areas/auto-insurance/insurance-losses-by-make-and-model
Ram 1500 Classic ext. cab,Ram,1500 Classic ext. cab,Pickups,Large,2022-24,96,163,57,,,,web table: Model years '2022-24' > class 'Pickups' > size 'Large'; API POST /api/hldilosses/getviewmodel ModelYears=2022-2024 VehicleClassId=6 VehicleSizeId=4 (raw/api_2022-2024/class6_size4.json) row 'Ram 1500 Classic ext. cab',https://www.iihs.org/research-areas/auto-insurance/insurance-losses-by-make-and-model
Ram 1500 Classic ext. cab 4WD,Ram,1500 Classic ext. cab 4WD,Pickups,Large,2022-24,94,157,57,68,,,web table: Model years '2022-24' > class 'Pickups' > size 'Large'; API POST /api/hldilosses/getviewmodel ModelYears=2022-2024 VehicleClassId=6 VehicleSizeId=4 (raw/api_2022-2024/class6_size4.json) row 'Ram 1500 Classic ext. cab 4WD',https://www.iihs.org/research-areas/auto-insurance/insurance-losses-by-make-and-model
Ram 1500 crew cab LWB,Ram,1500 crew cab LWB,Pickups,Large,2022-24,87,136,95,,,,web table: Model years '2022-24' > class 'Pickups' > size 'Large'; API POST /api/hldilosses/getviewmodel ModelYears=2022-2024 VehicleClassId=6 VehicleSizeId=4 (raw/api_2022-2024/class6_size4.json) row 'Ram 1500 crew cab LWB',https://www.iihs.org/research-areas/auto-insurance/insurance-losses-by-make-and-model
Ram 1500 crew cab LWB 4WD,Ram,1500 crew cab LWB 4WD,Pickups,Large,2022-24,94,113,87,75,63,102,web table: Model years '2022-24' > class 'Pickups' > size 'Large'; API POST /api/hldilosses/getviewmodel ModelYears=2022-2024 VehicleClassId=6 VehicleSizeId=4 (raw/api_2022-2024/class6_size4.json) row 'Ram 1500 crew cab LWB 4WD',https://www.iihs.org/research-areas/auto-insurance/insurance-losses-by-make-and-model
Ram 1500 crew cab SWB,Ram,1500 crew cab SWB,Pickups,Large,2022-24,99,132,108,110,103,136,web table: Model years '2022-24' > class 'Pickups' > size 'Large'; API POST /api/hldilosses/getviewmodel ModelYears=2022-2024 VehicleClassId=6 VehicleSizeId=4 (raw/api_2022-2024/class6_size4.json) row 'Ram 1500 crew cab SWB',https://www.iihs.org/research-areas/auto-insurance/insurance-losses-by-make-and-model
Ram 1500 crew cab SWB 4WD,Ram,1500 crew cab SWB 4WD,Pickups,Large,2022-24,98,122,179,75,74,105,web table: Model years '2022-24' > class 'Pickups' > size 'Large'; API POST /api/hldilosses/getviewmodel ModelYears=2022-2024 VehicleClassId=6 VehicleSizeId=4 (raw/api_2022-2024/class6_size4.json) row 'Ram 1500 crew cab SWB 4WD',https://www.iihs.org/research-areas/auto-insurance/insurance-losses-by-make-and-model
Ram 1500 quad cab,Ram,1500 quad cab,Pickups,Large,2022-24,104,172,94,110,,185,web table: Model years '2022-24' > class 'Pickups' > size 'Large'; API POST /api/hldilosses/getviewmodel ModelYears=2022-2024 VehicleClassId=6 VehicleSizeId=4 (raw/api_2022-2024/class6_size4.json) row 'Ram 1500 quad cab',https://www.iihs.org/research-areas/auto-insurance/insurance-losses-by-make-and-model
Ram 1500 quad cab 4WD,Ram,1500 quad cab 4WD,Pickups,Large,2022-24,86,128,76,84,79,101,web table: Model years '2022-24' > class 'Pickups' > size 'Large'; API POST /api/hldilosses/getviewmodel ModelYears=2022-2024 VehicleClassId=6 VehicleSizeId=4 (raw/api_2022-2024/class6_size4.json) row 'Ram 1500 quad cab 4WD',https://www.iihs.org/research-areas/auto-insurance/insurance-losses-by-make-and-model
Toyota Tundra CrewMax,Toyota,Tundra CrewMax,Pickups,Large,2022-24,94,94,108,80,94,96,web table: Model years '2022-24' > class 'Pickups' > size 'Large'; API POST /api/hldilosses/getviewmodel ModelYears=2022-2024 VehicleClassId=6 VehicleSizeId=4 (raw/api_2022-2024/class6_size4.json) row 'Toyota Tundra CrewMax',https://www.iihs.org/research-areas/auto-insurance/insurance-losses-by-make-and-model
Toyota Tundra CrewMax 4WD,Toyota,Tundra CrewMax 4WD,Pickups,Large,2022-24,92,84,117,72,63,78,web table: Model years '2022-24' > class 'Pickups' > size 'Large'; API POST /api/hldilosses/getviewmodel ModelYears=2022-2024 VehicleClassId=6 VehicleSizeId=4 (raw/api_2022-2024/class6_size4.json) row 'Toyota Tundra CrewMax 4WD',https://www.iihs.org/research-areas/auto-insurance/insurance-losses-by-make-and-model
Toyota Tundra CrewMax hybrid pickup,Toyota,Tundra CrewMax hybrid pickup,Pickups,Large,2022-24,146,137,127,,,,web table: Model years '2022-24' > class 'Pickups' > size 'Large'; API POST /api/hldilosses/getviewmodel ModelYears=2022-2024 VehicleClassId=6 VehicleSizeId=4 (raw/api_2022-2024/class6_size4.json) row 'Toyota Tundra CrewMax hybrid pickup',https://www.iihs.org/research-areas/auto-insurance/insurance-losses-by-make-and-model
Toyota Tundra CrewMax hybrid pickup 4WD,Toyota,Tundra CrewMax hybrid pickup 4WD,Pickups,Large,2022-24,124,92,143,78,80,74,web table: Model years '2022-24' > class 'Pickups' > size 'Large'; API POST /api/hldilosses/getviewmodel ModelYears=2022-2024 VehicleClassId=6 VehicleSizeId=4 (raw/api_2022-2024/class6_size4.json) row 'Toyota Tundra CrewMax hybrid pickup 4WD',https://www.iihs.org/research-areas/auto-insurance/insurance-losses-by-make-and-model
Toyota Tundra CrewMax hybrid pickup LWB 4WD,Toyota,Tundra CrewMax hybrid pickup LWB 4WD,Pickups,Large,2022-24,98,95,184,,,,web table: Model years '2022-24' > class 'Pickups' > size 'Large'; API POST /api/hldilosses/getviewmodel ModelYears=2022-2024 VehicleClassId=6 VehicleSizeId=4 (raw/api_2022-2024/class6_size4.json) row 'Toyota Tundra CrewMax hybrid pickup LWB 4WD',https://www.iihs.org/research-areas/auto-insurance/insurance-losses-by-make-and-model
Toyota Tundra CrewMax pickup LWB,Toyota,Tundra CrewMax pickup LWB,Pickups,Large,2022-24,103,104,99,,,,web table: Model years '2022-24' > class 'Pickups' > size 'Large'; API POST /api/hldilosses/getviewmodel ModelYears=2022-2024 VehicleClassId=6 VehicleSizeId=4 (raw/api_2022-2024/class6_size4.json) row 'Toyota Tundra CrewMax pickup LWB',https://www.iihs.org/research-areas/auto-insurance/insurance-losses-by-make-and-model
Toyota Tundra CrewMax pickup LWB 4WD,Toyota,Tundra CrewMax pickup LWB 4WD,Pickups,Large,2022-24,100,90,130,71,63,85,web table: Model years '2022-24' > class 'Pickups' > size 'Large'; API POST /api/hldilosses/getviewmodel ModelYears=2022-2024 VehicleClassId=6 VehicleSizeId=4 (raw/api_2022-2024/class6_size4.json) row 'Toyota Tundra CrewMax pickup LWB 4WD',https://www.iihs.org/research-areas/auto-insurance/insurance-losses-by-make-and-model
Toyota Tundra double cab,Toyota,Tundra double cab,Pickups,Large,2022-24,72,119,96,,,,web table: Model years '2022-24' > class 'Pickups' > size 'Large'; API POST /api/hldilosses/getviewmodel ModelYears=2022-2024 VehicleClassId=6 VehicleSizeId=4 (raw/api_2022-2024/class6_size4.json) row 'Toyota Tundra double cab',https://www.iihs.org/research-areas/auto-insurance/insurance-losses-by-make-and-model
Toyota Tundra double cab 4WD,Toyota,Tundra double cab 4WD,Pickups,Large,2022-24,88,97,117,74,61,74,web table: Model years '2022-24' > class 'Pickups' > size 'Large'; API POST /api/hldilosses/getviewmodel ModelYears=2022-2024 VehicleClassId=6 VehicleSizeId=4 (raw/api_2022-2024/class6_size4.json) row 'Toyota Tundra double cab 4WD',https://www.iihs.org/research-areas/auto-insurance/insurance-losses-by-make-and-model
Toyota Tundra double cab LWB 4WD,Toyota,Tundra double cab LWB 4WD,Pickups,Large,2022-24,88,,,,,,web table: Model years '2022-24' > class 'Pickups' > size 'Large'; API POST /api/hldilosses/getviewmodel ModelYears=2022-2024 VehicleClassId=6 VehicleSizeId=4 (raw/api_2022-2024/class6_size4.json) row 'Toyota Tundra double cab LWB 4WD',https://www.iihs.org/research-areas/auto-insurance/insurance-losses-by-make-and-model
Tesla Cybertruck electric crew cab 4WD,Tesla,Cybertruck electric crew cab 4WD,Pickups,Very large,2022-24,112,114,,60,,,web table: Model years '2022-24' > class 'Pickups' > size 'Very large'; API POST /api/hldilosses/getviewmodel ModelYears=2022-2024 VehicleClassId=6 VehicleSizeId=5 (raw/api_2022-2024/class6_size5.json) row 'Tesla Cybertruck electric crew cab 4WD',https://www.iihs.org/research-areas/auto-insurance/insurance-losses-by-make-and-model
Honda HR-V 4dr,Honda,HR-V 4dr,SUVs,Mini,2022-24,85,96,81,129,128,107,web table: Model years '2022-24' > class 'SUVs' > size 'Mini'; API POST /api/hldilosses/getviewmodel ModelYears=2022-2024 VehicleClassId=8 VehicleSizeId=1 (raw/api_2022-2024/class8_size1.json) row 'Honda HR-V 4dr',https://www.iihs.org/research-areas/auto-insurance/insurance-losses-by-make-and-model
Honda HR-V 4dr 4WD,Honda,HR-V 4dr 4WD,SUVs,Mini,2022-24,84,93,84,127,116,102,web table: Model years '2022-24' > class 'SUVs' > size 'Mini'; API POST /api/hldilosses/getviewmodel ModelYears=2022-2024 VehicleClassId=8 VehicleSizeId=1 (raw/api_2022-2024/class8_size1.json) row 'Honda HR-V 4dr 4WD',https://www.iihs.org/research-areas/auto-insurance/insurance-losses-by-make-and-model
Hyundai Venue 4dr,Hyundai,Venue 4dr,SUVs,Mini,2022-24,92,114,77,138,156,125,web table: Model years '2022-24' > class 'SUVs' > size 'Mini'; API POST /api/hldilosses/getviewmodel ModelYears=2022-2024 VehicleClassId=8 VehicleSizeId=1 (raw/api_2022-2024/class8_size1.json) row 'Hyundai Venue 4dr',https://www.iihs.org/research-areas/auto-insurance/insurance-losses-by-make-and-model
Kia Niro electric 4dr,Kia,Niro electric 4dr,SUVs,Mini,2022-24,109,98,73,104,,,web table: Model years '2022-24' > class 'SUVs' > size 'Mini'; API POST /api/hldilosses/getviewmodel ModelYears=2022-2024 VehicleClassId=8 VehicleSizeId=1 (raw/api_2022-2024/class8_size1.json) row 'Kia Niro electric 4dr',https://www.iihs.org/research-areas/auto-insurance/insurance-losses-by-make-and-model
Kia Niro hybrid 4dr,Kia,Niro hybrid 4dr,SUVs,Mini,2022-24,108,107,99,126,189,143,web table: Model years '2022-24' > class 'SUVs' > size 'Mini'; API POST /api/hldilosses/getviewmodel ModelYears=2022-2024 VehicleClassId=8 VehicleSizeId=1 (raw/api_2022-2024/class8_size1.json) row 'Kia Niro hybrid 4dr',https://www.iihs.org/research-areas/auto-insurance/insurance-losses-by-make-and-model
Kia Niro plug-in hybrid 4dr,Kia,Niro plug-in hybrid 4dr,SUVs,Mini,2022-24,91,92,85,,,,web table: Model years '2022-24' > class 'SUVs' > size 'Mini'; API POST /api/hldilosses/getviewmodel ModelYears=2022-2024 VehicleClassId=8 VehicleSizeId=1 (raw/api_2022-2024/class8_size1.json) row 'Kia Niro plug-in hybrid 4dr',https://www.iihs.org/research-areas/auto-insurance/insurance-losses-by-make-and-model
Buick Envista 4dr,Buick,Envista 4dr,SUVs,Small,2022-24,76,93,72,145,162,131,web table: Model years '2022-24' > class 'SUVs' > size 'Small'; API POST /api/hldilosses/getviewmodel ModelYears=2022-2024 VehicleClassId=8 VehicleSizeId=2 (raw/api_2022-2024/class8_size2.json) row 'Buick Envista 4dr',https://www.iihs.org/research-areas/auto-insurance/insurance-losses-by-make-and-model
Chevrolet Equinox 4dr,Chevrolet,Equinox 4dr,SUVs,Small,2022-24,86,95,71,123,145,112,web table: Model years '2022-24' > class 'SUVs' > size 'Small'; API POST /api/hldilosses/getviewmodel ModelYears=2022-2024 VehicleClassId=8 VehicleSizeId=2 (raw/api_2022-2024/class8_size2.json) row 'Chevrolet Equinox 4dr',https://www.iihs.org/research-areas/auto-insurance/insurance-losses-by-make-and-model
Chevrolet Equinox 4dr 4WD,Chevrolet,Equinox 4dr 4WD,SUVs,Small,2022-24,85,85,70,100,117,92,web table: Model years '2022-24' > class 'SUVs' > size 'Small'; API POST /api/hldilosses/getviewmodel ModelYears=2022-2024 VehicleClassId=8 VehicleSizeId=2 (raw/api_2022-2024/class8_size2.json) row 'Chevrolet Equinox 4dr 4WD',https://www.iihs.org/research-areas/auto-insurance/insurance-losses-by-make-and-model
Chevrolet Equinox electric 4dr,Chevrolet,Equinox electric 4dr,SUVs,Small,2022-24,97,,45,,,,web table: Model years '2022-24' > class 'SUVs' > size 'Small'; API POST /api/hldilosses/getviewmodel ModelYears=2022-2024 VehicleClassId=8 VehicleSizeId=2 (raw/api_2022-2024/class8_size2.json) row 'Chevrolet Equinox electric 4dr',https://www.iihs.org/research-areas/auto-insurance/insurance-losses-by-make-and-model
Chevrolet Trailblazer 4dr,Chevrolet,Trailblazer 4dr,SUVs,Small,2022-24,85,104,73,120,133,118,web table: Model years '2022-24' > class 'SUVs' > size 'Small'; API POST /api/hldilosses/getviewmodel ModelYears=2022-2024 VehicleClassId=8 VehicleSizeId=2 (raw/api_2022-2024/class8_size2.json) row 'Chevrolet Trailblazer 4dr',https://www.iihs.org/research-areas/auto-insurance/insurance-losses-by-make-and-model
Chevrolet Trailblazer 4dr 4WD,Chevrolet,Trailblazer 4dr 4WD,SUVs,Small,2022-24,77,91,73,103,116,100,web table: Model years '2022-24' > class 'SUVs' > size 'Small'; API POST /api/hldilosses/getviewmodel ModelYears=2022-2024 VehicleClassId=8 VehicleSizeId=2 (raw/api_2022-2024/class8_size2.json) row 'Chevrolet Trailblazer 4dr 4WD',https://www.iihs.org/research-areas/auto-insurance/insurance-losses-by-make-and-model
Chevrolet Trax 4dr,Chevrolet,Trax 4dr,SUVs,Small,2022-24,73,98,66,126,132,126,web table: Model years '2022-24' > class 'SUVs' > size 'Small'; API POST /api/hldilosses/getviewmodel ModelYears=2022-2024 VehicleClassId=8 VehicleSizeId=2 (raw/api_2022-2024/class8_size2.json) row 'Chevrolet Trax 4dr',https://www.iihs.org/research-areas/auto-insurance/insurance-losses-by-make-and-model
Dodge Hornet 4dr 4WD,Dodge,Hornet 4dr 4WD,SUVs,Small,2022-24,120,130,87,,,,web table: Model years '2022-24' > class 'SUVs' > size 'Small'; API POST /api/hldilosses/getviewmodel ModelYears=2022-2024 VehicleClassId=8 VehicleSizeId=2 (raw/api_2022-2024/class8_size2.json) row 'Dodge Hornet 4dr 4WD',https://www.iihs.org/research-areas/auto-insurance/insurance-losses-by-make-and-model
Dodge Hornet plug-in hybrid 4dr 4WD,Dodge,Hornet plug-in hybrid 4dr 4WD,SUVs,Small,2022-24,108,112,,,,,web table: Model years '2022-24' > class 'SUVs' > size 'Small'; API POST /api/hldilosses/getviewmodel ModelYears=2022-2024 VehicleClassId=8 VehicleSizeId=2 (raw/api_2022-2024/class8_size2.json) row 'Dodge Hornet plug-in hybrid 4dr 4WD',https://www.iihs.org/research-areas/auto-insurance/insurance-losses-by-make-and-model
Ford Bronco Sport 4dr 4WD,Ford,Bronco Sport 4dr 4WD,SUVs,Small,2022-24,74,97,92,87,89,92,web table: Model years '2022-24' > class 'SUVs' > size 'Small'; API POST /api/hldilosses/getviewmodel ModelYears=2022-2024 VehicleClassId=8 VehicleSizeId=2 (raw/api_2022-2024/class8_size2.json) row 'Ford Bronco Sport 4dr 4WD',https://www.iihs.org/research-areas/auto-insurance/insurance-losses-by-make-and-model
Ford Escape 4dr,Ford,Escape 4dr,SUVs,Small,2022-24,95,116,82,138,151,143,web table: Model years '2022-24' > class 'SUVs' > size 'Small'; API POST /api/hldilosses/getviewmodel ModelYears=2022-2024 VehicleClassId=8 VehicleSizeId=2 (raw/api_2022-2024/class8_size2.json) row 'Ford Escape 4dr',https://www.iihs.org/research-areas/auto-insurance/insurance-losses-by-make-and-model
Ford Escape 4dr 4WD,Ford,Escape 4dr 4WD,SUVs,Small,2022-24,87,104,82,103,132,113,web table: Model years '2022-24' > class 'SUVs' > size 'Small'; API POST /api/hldilosses/getviewmodel ModelYears=2022-2024 VehicleClassId=8 VehicleSizeId=2 (raw/api_2022-2024/class8_size2.json) row 'Ford Escape 4dr 4WD',https://www.iihs.org/research-areas/auto-insurance/insurance-losses-by-make-and-model
Ford Escape hybrid 4dr,Ford,Escape hybrid 4dr,SUVs,Small,2022-24,91,103,76,,,,web table: Model years '2022-24' > class 'SUVs' > size 'Small'; API POST /api/hldilosses/getviewmodel ModelYears=2022-2024 VehicleClassId=8 VehicleSizeId=2 (raw/api_2022-2024/class8_size2.json) row 'Ford Escape hybrid 4dr',https://www.iihs.org/research-areas/auto-insurance/insurance-losses-by-make-and-model
Ford Escape hybrid 4dr 4WD,Ford,Escape hybrid 4dr 4WD,SUVs,Small,2022-24,86,88,83,106,101,74,web table: Model years '2022-24' > class 'SUVs' > size 'Small'; API POST /api/hldilosses/getviewmodel ModelYears=2022-2024 VehicleClassId=8 VehicleSizeId=2 (raw/api_2022-2024/class8_size2.json) row 'Ford Escape hybrid 4dr 4WD',https://www.iihs.org/research-areas/auto-insurance/insurance-losses-by-make-and-model
Ford Escape plug-in hybrid 4dr,Ford,Escape plug-in hybrid 4dr,SUVs,Small,2022-24,88,92,72,73,,,web table: Model years '2022-24' > class 'SUVs' > size 'Small'; API POST /api/hldilosses/getviewmodel ModelYears=2022-2024 VehicleClassId=8 VehicleSizeId=2 (raw/api_2022-2024/class8_size2.json) row 'Ford Escape plug-in hybrid 4dr',https://www.iihs.org/research-areas/auto-insurance/insurance-losses-by-make-and-model
GMC Terrain 4dr,GMC,Terrain 4dr,SUVs,Small,2022-24,85,90,81,122,131,115,web table: Model years '2022-24' > class 'SUVs' > size 'Small'; API POST /api/hldilosses/getviewmodel ModelYears=2022-2024 VehicleClassId=8 VehicleSizeId=2 (raw/api_2022-2024/class8_size2.json) row 'GMC Terrain 4dr',https://www.iihs.org/research-areas/auto-insurance/insurance-losses-by-make-and-model
GMC Terrain 4dr 4WD,GMC,Terrain 4dr 4WD,SUVs,Small,2022-24,83,82,80,97,112,89,web table: Model years '2022-24' > class 'SUVs' > size 'Small'; API POST /api/hldilosses/getviewmodel ModelYears=2022-2024 VehicleClassId=8 VehicleSizeId=2 (raw/api_2022-2024/class8_size2.json) row 'GMC Terrain 4dr 4WD',https://www.iihs.org/research-areas/auto-insurance/insurance-losses-by-make-and-model
Honda CR-V 4dr,Honda,CR-V 4dr,SUVs,Small,2022-24,63,66,65,102,100,80,web table: Model years '2022-24' > class 'SUVs' > size 'Small'; API POST /api/hldilosses/getviewmodel ModelYears=2022-2024 VehicleClassId=8 VehicleSizeId=2 (raw/api_2022-2024/class8_size2.json) row 'Honda CR-V 4dr',https://www.iihs.org/research-areas/auto-insurance/insurance-losses-by-make-and-model
Honda CR-V 4dr 4WD,Honda,CR-V 4dr 4WD,SUVs,Small,2022-24,72,76,75,107,100,84,web table: Model years '2022-24' > class 'SUVs' > size 'Small'; API POST /api/hldilosses/getviewmodel ModelYears=2022-2024 VehicleClassId=8 VehicleSizeId=2 (raw/api_2022-2024/class8_size2.json) row 'Honda CR-V 4dr 4WD',https://www.iihs.org/research-areas/auto-insurance/insurance-losses-by-make-and-model
Honda CR-V hybrid 4dr,Honda,CR-V hybrid 4dr,SUVs,Small,2022-24,80,88,75,119,122,97,web table: Model years '2022-24' > class 'SUVs' > size 'Small'; API POST /api/hldilosses/getviewmodel ModelYears=2022-2024 VehicleClassId=8 VehicleSizeId=2 (raw/api_2022-2024/class8_size2.json) row 'Honda CR-V hybrid 4dr',https://www.iihs.org/research-areas/auto-insurance/insurance-losses-by-make-and-model
Honda CR-V hybrid 4dr 4WD,Honda,CR-V hybrid 4dr 4WD,SUVs,Small,2022-24,77,75,102,104,92,79,web table: Model years '2022-24' > class 'SUVs' > size 'Small'; API POST /api/hldilosses/getviewmodel ModelYears=2022-2024 VehicleClassId=8 VehicleSizeId=2 (raw/api_2022-2024/class8_size2.json) row 'Honda CR-V hybrid 4dr 4WD',https://www.iihs.org/research-areas/auto-insurance/insurance-losses-by-make-and-model
Hyundai IONIQ 5 electric 4dr,Hyundai,IONIQ 5 electric 4dr,SUVs,Small,2022-24,130,90,107,85,87,81,web table: Model years '2022-24' > class 'SUVs' > size 'Small'; API POST /api/hldilosses/getviewmodel ModelYears=2022-2024 VehicleClassId=8 VehicleSizeId=2 (raw/api_2022-2024/class8_size2.json) row 'Hyundai IONIQ 5 electric 4dr',https://www.iihs.org/research-areas/auto-insurance/insurance-losses-by-make-and-model
Hyundai IONIQ 5 electric 4dr 4WD,Hyundai,IONIQ 5 electric 4dr 4WD,SUVs,Small,2022-24,133,94,111,76,84,76,web table: Model years '2022-24' > class 'SUVs' > size 'Small'; API POST /api/hldilosses/getviewmodel ModelYears=2022-2024 VehicleClassId=8 VehicleSizeId=2 (raw/api_2022-2024/class8_size2.json) row 'Hyundai IONIQ 5 electric 4dr 4WD',https://www.iihs.org/research-areas/auto-insurance/insurance-losses-by-make-and-model
Hyundai Kona 4dr,Hyundai,Kona 4dr,SUVs,Small,2022-24,97,93,77,124,,,web table: Model years '2022-24' > class 'SUVs' > size 'Small'; API POST /api/hldilosses/getviewmodel ModelYears=2022-2024 VehicleClassId=8 VehicleSizeId=2 (raw/api_2022-2024/class8_size2.json) row 'Hyundai Kona 4dr',https://www.iihs.org/research-areas/auto-insurance/insurance-losses-by-make-and-model
Hyundai Kona 4dr 4WD,Hyundai,Kona 4dr 4WD,SUVs,Small,2022-24,95,82,69,100,107,,web table: Model years '2022-24' > class 'SUVs' > size 'Small'; API POST /api/hldilosses/getviewmodel ModelYears=2022-2024 VehicleClassId=8 VehicleSizeId=2 (raw/api_2022-2024/class8_size2.json) row 'Hyundai Kona 4dr 4WD',https://www.iihs.org/research-areas/auto-insurance/insurance-losses-by-make-and-model
Hyundai Kona electric 4dr,Hyundai,Kona electric 4dr,SUVs,Small,2022-24,95,,,,,,web table: Model years '2022-24' > class 'SUVs' > size 'Small'; API POST /api/hldilosses/getviewmodel ModelYears=2022-2024 VehicleClassId=8 VehicleSizeId=2 (raw/api_2022-2024/class8_size2.json) row 'Hyundai Kona electric 4dr',https://www.iihs.org/research-areas/auto-insurance/insurance-losses-by-make-and-model
Hyundai Santa Fe hybrid 4dr,Hyundai,Santa Fe hybrid 4dr,SUVs,Small,2022-24,116,,121,,,,web table: Model years '2022-24' > class 'SUVs' > size 'Small'; API POST /api/hldilosses/getviewmodel ModelYears=2022-2024 VehicleClassId=8 VehicleSizeId=2 (raw/api_2022-2024/class8_size2.json) row 'Hyundai Santa Fe hybrid 4dr',https://www.iihs.org/research-areas/auto-insurance/insurance-losses-by-make-and-model
Hyundai Santa Fe hybrid 4dr 4WD,Hyundai,Santa Fe hybrid 4dr 4WD,SUVs,Small,2022-24,121,68,,,,,web table: Model years '2022-24' > class 'SUVs' > size 'Small'; API POST /api/hldilosses/getviewmodel ModelYears=2022-2024 VehicleClassId=8 VehicleSizeId=2 (raw/api_2022-2024/class8_size2.json) row 'Hyundai Santa Fe hybrid 4dr 4WD',https://www.iihs.org/research-areas/auto-insurance/insurance-losses-by-make-and-model
Hyundai Tucson 4dr,Hyundai,Tucson 4dr,SUVs,Small,2022-24,94,92,76,113,126,92,web table: Model years '2022-24' > class 'SUVs' > size 'Small'; API POST /api/hldilosses/getviewmodel ModelYears=2022-2024 VehicleClassId=8 VehicleSizeId=2 (raw/api_2022-2024/class8_size2.json) row 'Hyundai Tucson 4dr',https://www.iihs.org/research-areas/auto-insurance/insurance-losses-by-make-and-model
Hyundai Tucson 4dr 4WD,Hyundai,Tucson 4dr 4WD,SUVs,Small,2022-24,95,95,81,107,114,86,web table: Model years '2022-24' > class 'SUVs' > size 'Small'; API POST /api/hldilosses/getviewmodel ModelYears=2022-2024 VehicleClassId=8 VehicleSizeId=2 (raw/api_2022-2024/class8_size2.json) row 'Hyundai Tucson 4dr 4WD',https://www.iihs.org/research-areas/auto-insurance/insurance-losses-by-make-and-model
Hyundai Tucson hybrid 4dr 4WD,Hyundai,Tucson hybrid 4dr 4WD,SUVs,Small,2022-24,93,91,86,98,89,79,web table: Model years '2022-24' > class 'SUVs' > size 'Small'; API POST /api/hldilosses/getviewmodel ModelYears=2022-2024 VehicleClassId=8 VehicleSizeId=2 (raw/api_2022-2024/class8_size2.json) row 'Hyundai Tucson hybrid 4dr 4WD',https://www.iihs.org/research-areas/auto-insurance/insurance-losses-by-make-and-model
Jeep Compass 4dr 4WD,Jeep,Compass 4dr 4WD,SUVs,Small,2022-24,81,129,60,113,134,145,web table: Model years '2022-24' > class 'SUVs' > size 'Small'; API POST /api/hldilosses/getviewmodel ModelYears=2022-2024 VehicleClassId=8 VehicleSizeId=2 (raw/api_2022-2024/class8_size2.json) row 'Jeep Compass 4dr 4WD',https://www.iihs.org/research-areas/auto-insurance/insurance-losses-by-make-and-model
Kia EV6 electric 4dr,Kia,EV6 electric 4dr,SUVs,Small,2022-24,133,110,107,121,104,94,web table: Model years '2022-24' > class 'SUVs' > size 'Small'; API POST /api/hldilosses/getviewmodel ModelYears=2022-2024 VehicleClassId=8 VehicleSizeId=2 (raw/api_2022-2024/class8_size2.json) row 'Kia EV6 electric 4dr',https://www.iihs.org/research-areas/auto-insurance/insurance-losses-by-make-and-model
Kia EV6 electric 4dr 4WD,Kia,EV6 electric 4dr 4WD,SUVs,Small,2022-24,131,93,103,97,88,93,web table: Model years '2022-24' > class 'SUVs' > size 'Small'; API POST /api/hldilosses/getviewmodel ModelYears=2022-2024 VehicleClassId=8 VehicleSizeId=2 (raw/api_2022-2024/class8_size2.json) row 'Kia EV6 electric 4dr 4WD',https://www.iihs.org/research-areas/auto-insurance/insurance-losses-by-make-and-model
Kia Seltos 4dr,Kia,Seltos 4dr,SUVs,Small,2022-24,84,110,72,141,156,134,web table: Model years '2022-24' > class 'SUVs' > size 'Small'; API POST /api/hldilosses/getviewmodel ModelYears=2022-2024 VehicleClassId=8 VehicleSizeId=2 (raw/api_2022-2024/class8_size2.json) row 'Kia Seltos 4dr',https://www.iihs.org/research-areas/auto-insurance/insurance-losses-by-make-and-model
Kia Seltos 4dr 4WD,Kia,Seltos 4dr 4WD,SUVs,Small,2022-24,84,104,82,123,131,107,web table: Model years '2022-24' > class 'SUVs' > size 'Small'; API POST /api/hldilosses/getviewmodel ModelYears=2022-2024 VehicleClassId=8 VehicleSizeId=2 (raw/api_2022-2024/class8_size2.json) row 'Kia Seltos 4dr 4WD',https://www.iihs.org/research-areas/auto-insurance/insurance-losses-by-make-and-model
Kia Sportage 4dr,Kia,Sportage 4dr,SUVs,Small,2022-24,109,100,96,134,151,113,web table: Model years '2022-24' > class 'SUVs' > size 'Small'; API POST /api/hldilosses/getviewmodel ModelYears=2022-2024 VehicleClassId=8 VehicleSizeId=2 (raw/api_2022-2024/class8_size2.json) row 'Kia Sportage 4dr',https://www.iihs.org/research-areas/auto-insurance/insurance-losses-by-make-and-model
Kia Sportage 4dr 4WD,Kia,Sportage 4dr 4WD,SUVs,Small,2022-24,107,99,107,121,137,113,web table: Model years '2022-24' > class 'SUVs' > size 'Small'; API POST /api/hldilosses/getviewmodel ModelYears=2022-2024 VehicleClassId=8 VehicleSizeId=2 (raw/api_2022-2024/class8_size2.json) row 'Kia Sportage 4dr 4WD',https://www.iihs.org/research-areas/auto-insurance/insurance-losses-by-make-and-model
Kia Sportage hybrid 4dr,Kia,Sportage hybrid 4dr,SUVs,Small,2022-24,99,118,63,,,,web table: Model years '2022-24' > class 'SUVs' > size 'Small'; API POST /api/hldilosses/getviewmodel ModelYears=2022-2024 VehicleClassId=8 VehicleSizeId=2 (raw/api_2022-2024/class8_size2.json) row 'Kia Sportage hybrid 4dr',https://www.iihs.org/research-areas/auto-insurance/insurance-losses-by-make-and-model
Kia Sportage hybrid 4dr 4WD,Kia,Sportage hybrid 4dr 4WD,SUVs,Small,2022-24,97,105,97,106,119,108,web table: Model years '2022-24' > class 'SUVs' > size 'Small'; API POST /api/hldilosses/getviewmodel ModelYears=2022-2024 VehicleClassId=8 VehicleSizeId=2 (raw/api_2022-2024/class8_size2.json) row 'Kia Sportage hybrid 4dr 4WD',https://www.iihs.org/research-areas/auto-insurance/insurance-losses-by-make-and-model
Kia Sportage plug-in hybrid 4dr 4WD,Kia,Sportage plug-in hybrid 4dr 4WD,SUVs,Small,2022-24,86,92,82,81,,,web table: Model years '2022-24' > class 'SUVs' > size 'Small'; API POST /api/hldilosses/getviewmodel ModelYears=2022-2024 VehicleClassId=8 VehicleSizeId=2 (raw/api_2022-2024/class8_size2.json) row 'Kia Sportage plug-in hybrid 4dr 4WD',https://www.iihs.org/research-areas/auto-insurance/insurance-losses-by-make-and-model
Mazda CX-30 4dr 4WD,Mazda,CX-30 4dr 4WD,SUVs,Small,2022-24,76,116,68,91,86,96,web table: Model years '2022-24' > class 'SUVs' > size 'Small'; API POST /api/hldilosses/getviewmodel ModelYears=2022-2024 VehicleClassId=8 VehicleSizeId=2 (raw/api_2022-2024/class8_size2.json) row 'Mazda CX-30 4dr 4WD',https://www.iihs.org/research-areas/auto-insurance/insurance-losses-by-make-and-model
Mazda CX-5 4dr 4WD,Mazda,CX-5 4dr 4WD,SUVs,Small,2022-24,80,96,71,85,82,79,web table: Model years '2022-24' > class 'SUVs' > size 'Small'; API POST /api/hldilosses/getviewmodel ModelYears=2022-2024 VehicleClassId=8 VehicleSizeId=2 (raw/api_2022-2024/class8_size2.json) row 'Mazda CX-5 4dr 4WD',https://www.iihs.org/research-areas/auto-insurance/insurance-losses-by-make-and-model
Mazda CX-50 4dr 4WD,Mazda,CX-50 4dr 4WD,SUVs,Small,2022-24,69,79,72,88,88,72,web table: Model years '2022-24' > class 'SUVs' > size 'Small'; API POST /api/hldilosses/getviewmodel ModelYears=2022-2024 VehicleClassId=8 VehicleSizeId=2 (raw/api_2022-2024/class8_size2.json) row 'Mazda CX-50 4dr 4WD',https://www.iihs.org/research-areas/auto-insurance/insurance-losses-by-make-and-model
Mitsubishi Outlander 4dr,Mitsubishi,Outlander 4dr,SUVs,Small,2022-24,116,107,103,174,164,125,web table: Model years '2022-24' > class 'SUVs' > size 'Small'; API POST /api/hldilosses/getviewmodel ModelYears=2022-2024 VehicleClassId=8 VehicleSizeId=2 (raw/api_2022-2024/class8_size2.json) row 'Mitsubishi Outlander 4dr',https://www.iihs.org/research-areas/auto-insurance/insurance-losses-by-make-and-model
Mitsubishi Outlander 4dr 4WD,Mitsubishi,Outlander 4dr 4WD,SUVs,Small,2022-24,123,110,124,174,156,122,web table: Model years '2022-24' > class 'SUVs' > size 'Small'; API POST /api/hldilosses/getviewmodel ModelYears=2022-2024 VehicleClassId=8 VehicleSizeId=2 (raw/api_2022-2024/class8_size2.json) row 'Mitsubishi Outlander 4dr 4WD',https://www.iihs.org/research-areas/auto-insurance/insurance-losses-by-make-and-model
Mitsubishi Outlander plug-in hybrid 4dr 4WD,Mitsubishi,Outlander plug-in hybrid 4dr 4WD,SUVs,Small,2022-24,123,104,128,108,,,web table: Model years '2022-24' > class 'SUVs' > size 'Small'; API POST /api/hldilosses/getviewmodel ModelYears=2022-2024 VehicleClassId=8 VehicleSizeId=2 (raw/api_2022-2024/class8_size2.json) row 'Mitsubishi Outlander plug-in hybrid 4dr 4WD',https://www.iihs.org/research-areas/auto-insurance/insurance-losses-by-make-and-model
Nissan Rogue 4dr,Nissan,Rogue 4dr,SUVs,Small,2022-24,82,90,74,123,125,119,web table: Model years '2022-24' > class 'SUVs' > size 'Small'; API POST /api/hldilosses/getviewmodel ModelYears=2022-2024 VehicleClassId=8 VehicleSizeId=2 (raw/api_2022-2024/class8_size2.json) row 'Nissan Rogue 4dr',https://www.iihs.org/research-areas/auto-insurance/insurance-losses-by-make-and-model
Nissan Rogue 4dr 4WD,Nissan,Rogue 4dr 4WD,SUVs,Small,2022-24,84,99,73,117,118,108,web table: Model years '2022-24' > class 'SUVs' > size 'Small'; API POST /api/hldilosses/getviewmodel ModelYears=2022-2024 VehicleClassId=8 VehicleSizeId=2 (raw/api_2022-2024/class8_size2.json) row 'Nissan Rogue 4dr 4WD',https://www.iihs.org/research-areas/auto-insurance/insurance-losses-by-make-and-model
Subaru Forester 4dr 4WD with EyeSight,Subaru,Forester 4dr 4WD with EyeSight,SUVs,Small,2022-24,64,63,84,76,76,55,web table: Model years '2022-24' > class 'SUVs' > size 'Small'; API POST /api/hldilosses/getviewmodel ModelYears=2022-2024 VehicleClassId=8 VehicleSizeId=2 (raw/api_2022-2024/class8_size2.json) row 'Subaru Forester 4dr 4WD with EyeSight',https://www.iihs.org/research-areas/auto-insurance/insurance-losses-by-make-and-model
Toyota BZ4X electric 4dr,Toyota,BZ4X electric 4dr,SUVs,Small,2022-24,114,62,106,,,,web table: Model years '2022-24' > class 'SUVs' > size 'Small'; API POST /api/hldilosses/getviewmodel ModelYears=2022-2024 VehicleClassId=8 VehicleSizeId=2 (raw/api_2022-2024/class8_size2.json) row 'Toyota BZ4X electric 4dr',https://www.iihs.org/research-areas/auto-insurance/insurance-losses-by-make-and-model
Toyota BZ4X electric 4dr 4WD,Toyota,BZ4X electric 4dr 4WD,SUVs,Small,2022-24,115,72,107,134,,,web table: Model years '2022-24' > class 'SUVs' > size 'Small'; API POST /api/hldilosses/getviewmodel ModelYears=2022-2024 VehicleClassId=8 VehicleSizeId=2 (raw/api_2022-2024/class8_size2.json) row 'Toyota BZ4X electric 4dr 4WD',https://www.iihs.org/research-areas/auto-insurance/insurance-losses-by-make-and-model
Toyota Corolla Cross 4dr,Toyota,Corolla Cross 4dr,SUVs,Small,2022-24,81,96,76,141,126,114,web table: Model years '2022-24' > class 'SUVs' > size 'Small'; API POST /api/hldilosses/getviewmodel ModelYears=2022-2024 VehicleClassId=8 VehicleSizeId=2 (raw/api_2022-2024/class8_size2.json) row 'Toyota Corolla Cross 4dr',https://www.iihs.org/research-areas/auto-insurance/insurance-losses-by-make-and-model
Toyota Corolla Cross 4dr 4WD,Toyota,Corolla Cross 4dr 4WD,SUVs,Small,2022-24,83,96,82,135,106,100,web table: Model years '2022-24' > class 'SUVs' > size 'Small'; API POST /api/hldilosses/getviewmodel ModelYears=2022-2024 VehicleClassId=8 VehicleSizeId=2 (raw/api_2022-2024/class8_size2.json) row 'Toyota Corolla Cross 4dr 4WD',https://www.iihs.org/research-areas/auto-insurance/insurance-losses-by-make-and-model
Toyota Corolla Cross hybrid 4dr 4WD,Toyota,Corolla Cross hybrid 4dr 4WD,SUVs,Small,2022-24,84,73,85,115,101,82,web table: Model years '2022-24' > class 'SUVs' > size 'Small'; API POST /api/hldilosses/getviewmodel ModelYears=2022-2024 VehicleClassId=8 VehicleSizeId=2 (raw/api_2022-2024/class8_size2.json) row 'Toyota Corolla Cross hybrid 4dr 4WD',https://www.iihs.org/research-areas/auto-insurance/insurance-losses-by-make-and-model
Toyota RAV4 4dr,Toyota,RAV4 4dr,SUVs,Small,2022-24,72,83,62,124,106,94,web table: Model years '2022-24' > class 'SUVs' > size 'Small'; API POST /api/hldilosses/getviewmodel ModelYears=2022-2024 VehicleClassId=8 VehicleSizeId=2 (raw/api_2022-2024/class8_size2.json) row 'Toyota RAV4 4dr',https://www.iihs.org/research-areas/auto-insurance/insurance-losses-by-make-and-model
Toyota RAV4 4dr 4WD,Toyota,RAV4 4dr 4WD,SUVs,Small,2022-24,75,88,73,116,99,87,web table: Model years '2022-24' > class 'SUVs' > size 'Small'; API POST /api/hldilosses/getviewmodel ModelYears=2022-2024 VehicleClassId=8 VehicleSizeId=2 (raw/api_2022-2024/class8_size2.json) row 'Toyota RAV4 4dr 4WD',https://www.iihs.org/research-areas/auto-insurance/insurance-losses-by-make-and-model
Toyota RAV4 hybrid 4dr 4WD,Toyota,RAV4 hybrid 4dr 4WD,SUVs,Small,2022-24,86,86,82,101,90,85,web table: Model years '2022-24' > class 'SUVs' > size 'Small'; API POST /api/hldilosses/getviewmodel ModelYears=2022-2024 VehicleClassId=8 VehicleSizeId=2 (raw/api_2022-2024/class8_size2.json) row 'Toyota RAV4 hybrid 4dr 4WD',https://www.iihs.org/research-areas/auto-insurance/insurance-losses-by-make-and-model
Toyota RAV4 Prime plug-in hybrid 4dr 4WD,Toyota,RAV4 Prime plug-in hybrid 4dr 4WD,SUVs,Small,2022-24,89,86,82,76,68,75,web table: Model years '2022-24' > class 'SUVs' > size 'Small'; API POST /api/hldilosses/getviewmodel ModelYears=2022-2024 VehicleClassId=8 VehicleSizeId=2 (raw/api_2022-2024/class8_size2.json) row 'Toyota RAV4 Prime plug-in hybrid 4dr 4WD',https://www.iihs.org/research-areas/auto-insurance/insurance-losses-by-make-and-model
Toyota Venza hybrid 4dr 4WD,Toyota,Venza hybrid 4dr 4WD,SUVs,Small,2022-24,103,92,101,122,103,101,web table: Model years '2022-24' > class 'SUVs' > size 'Small'; API POST /api/hldilosses/getviewmodel ModelYears=2022-2024 VehicleClassId=8 VehicleSizeId=2 (raw/api_2022-2024/class8_size2.json) row 'Toyota Venza hybrid 4dr 4WD',https://www.iihs.org/research-areas/auto-insurance/insurance-losses-by-make-and-model
Volkswagen Taos 4dr,Volkswagen,Taos 4dr,SUVs,Small,2022-24,68,101,52,95,109,105,web table: Model years '2022-24' > class 'SUVs' > size 'Small'; API POST /api/hldilosses/getviewmodel ModelYears=2022-2024 VehicleClassId=8 VehicleSizeId=2 (raw/api_2022-2024/class8_size2.json) row 'Volkswagen Taos 4dr',https://www.iihs.org/research-areas/auto-insurance/insurance-losses-by-make-and-model
Volkswagen Taos 4dr 4WD,Volkswagen,Taos 4dr 4WD,SUVs,Small,2022-24,65,91,61,86,87,88,web table: Model years '2022-24' > class 'SUVs' > size 'Small'; API POST /api/hldilosses/getviewmodel ModelYears=2022-2024 VehicleClassId=8 VehicleSizeId=2 (raw/api_2022-2024/class8_size2.json) row 'Volkswagen Taos 4dr 4WD',https://www.iihs.org/research-areas/auto-insurance/insurance-losses-by-make-and-model
Buick Enclave 4dr,Buick,Enclave 4dr,SUVs,Midsize,2022-24,97,108,82,93,87,95,web table: Model years '2022-24' > class 'SUVs' > size 'Midsize'; API POST /api/hldilosses/getviewmodel ModelYears=2022-2024 VehicleClassId=8 VehicleSizeId=3 (raw/api_2022-2024/class8_size3.json) row 'Buick Enclave 4dr',https://www.iihs.org/research-areas/auto-insurance/insurance-losses-by-make-and-model
Buick Enclave 4dr 4WD,Buick,Enclave 4dr 4WD,SUVs,Midsize,2022-24,103,97,80,83,108,75,web table: Model years '2022-24' > class 'SUVs' > size 'Midsize'; API POST /api/hldilosses/getviewmodel ModelYears=2022-2024 VehicleClassId=8 VehicleSizeId=3 (raw/api_2022-2024/class8_size3.json) row 'Buick Enclave 4dr 4WD',https://www.iihs.org/research-areas/auto-insurance/insurance-losses-by-make-and-model
Chevrolet Blazer 4dr,Chevrolet,Blazer 4dr,SUVs,Midsize,2022-24,94,107,75,104,116,111,web table: Model years '2022-24' > class 'SUVs' > size 'Midsize'; API POST /api/hldilosses/getviewmodel ModelYears=2022-2024 VehicleClassId=8 VehicleSizeId=3 (raw/api_2022-2024/class8_size3.json) row 'Chevrolet Blazer 4dr',https://www.iihs.org/research-areas/auto-insurance/insurance-losses-by-make-and-model
Chevrolet Blazer 4dr 4WD,Chevrolet,Blazer 4dr 4WD,SUVs,Midsize,2022-24,93,89,84,96,105,88,web table: Model years '2022-24' > class 'SUVs' > size 'Midsize'; API POST /api/hldilosses/getviewmodel ModelYears=2022-2024 VehicleClassId=8 VehicleSizeId=3 (raw/api_2022-2024/class8_size3.json) row 'Chevrolet Blazer 4dr 4WD',https://www.iihs.org/research-areas/auto-insurance/insurance-losses-by-make-and-model
Chevrolet Blazer electric 4dr 4WD,Chevrolet,Blazer electric 4dr 4WD,SUVs,Midsize,2022-24,95,91,,,,,web table: Model years '2022-24' > class 'SUVs' > size 'Midsize'; API POST /api/hldilosses/getviewmodel ModelYears=2022-2024 VehicleClassId=8 VehicleSizeId=3 (raw/api_2022-2024/class8_size3.json) row 'Chevrolet Blazer electric 4dr 4WD',https://www.iihs.org/research-areas/auto-insurance/insurance-losses-by-make-and-model
Chevrolet Traverse 4dr,Chevrolet,Traverse 4dr,SUVs,Midsize,2022-24,66,55,32,104,,,web table: Model years '2022-24' > class 'SUVs' > size 'Midsize'; API POST /api/hldilosses/getviewmodel ModelYears=2022-2024 VehicleClassId=8 VehicleSizeId=3 (raw/api_2022-2024/class8_size3.json) row 'Chevrolet Traverse 4dr',https://www.iihs.org/research-areas/auto-insurance/insurance-losses-by-make-and-model
Chevrolet Traverse 4dr 4WD,Chevrolet,Traverse 4dr 4WD,SUVs,Midsize,2022-24,68,46,46,72,,,web table: Model years '2022-24' > class 'SUVs' > size 'Midsize'; API POST /api/hldilosses/getviewmodel ModelYears=2022-2024 VehicleClassId=8 VehicleSizeId=3 (raw/api_2022-2024/class8_size3.json) row 'Chevrolet Traverse 4dr 4WD',https://www.iihs.org/research-areas/auto-insurance/insurance-losses-by-make-and-model
Ford Bronco 2dr convertible 4WD,Ford,Bronco 2dr convertible 4WD,SUVs,Midsize,2022-24,55,106,61,48,51,80,web table: Model years '2022-24' > class 'SUVs' > size 'Midsize'; API POST /api/hldilosses/getviewmodel ModelYears=2022-2024 VehicleClassId=8 VehicleSizeId=3 (raw/api_2022-2024/class8_size3.json) row 'Ford Bronco 2dr convertible 4WD',https://www.iihs.org/research-areas/auto-insurance/insurance-losses-by-make-and-model
Ford Bronco 4dr convertible 4WD,Ford,Bronco 4dr convertible 4WD,SUVs,Midsize,2022-24,66,121,75,57,55,90,web table: Model years '2022-24' > class 'SUVs' > size 'Midsize'; API POST /api/hldilosses/getviewmodel ModelYears=2022-2024 VehicleClassId=8 VehicleSizeId=3 (raw/api_2022-2024/class8_size3.json) row 'Ford Bronco 4dr convertible 4WD',https://www.iihs.org/research-areas/auto-insurance/insurance-losses-by-make-and-model
Ford Edge 4dr 4WD,Ford,Edge 4dr 4WD,SUVs,Midsize,2022-24,85,93,73,94,99,105,web table: Model years '2022-24' > class 'SUVs' > size 'Midsize'; API POST /api/hldilosses/getviewmodel ModelYears=2022-2024 VehicleClassId=8 VehicleSizeId=3 (raw/api_2022-2024/class8_size3.json) row 'Ford Edge 4dr 4WD',https://www.iihs.org/research-areas/auto-insurance/insurance-losses-by-make-and-model
Ford Explorer 4dr,Ford,Explorer 4dr,SUVs,Midsize,2022-24,85,84,81,99,99,92,web table: Model years '2022-24' > class 'SUVs' > size 'Midsize'; API POST /api/hldilosses/getviewmodel ModelYears=2022-2024 VehicleClassId=8 VehicleSizeId=3 (raw/api_2022-2024/class8_size3.json) row 'Ford Explorer 4dr',https://www.iihs.org/research-areas/auto-insurance/insurance-losses-by-make-and-model
Ford Explorer 4dr 4WD,Ford,Explorer 4dr 4WD,SUVs,Midsize,2022-24,86,84,98,85,86,74,web table: Model years '2022-24' > class 'SUVs' > size 'Midsize'; API POST /api/hldilosses/getviewmodel ModelYears=2022-2024 VehicleClassId=8 VehicleSizeId=3 (raw/api_2022-2024/class8_size3.json) row 'Ford Explorer 4dr 4WD',https://www.iihs.org/research-areas/auto-insurance/insurance-losses-by-make-and-model
Ford Mustang Mach-E electric 4dr,Ford,Mustang Mach-E electric 4dr,SUVs,Midsize,2022-24,104,76,88,109,94,87,web table: Model years '2022-24' > class 'SUVs' > size 'Midsize'; API POST /api/hldilosses/getviewmodel ModelYears=2022-2024 VehicleClassId=8 VehicleSizeId=3 (raw/api_2022-2024/class8_size3.json) row 'Ford Mustang Mach-E electric 4dr',https://www.iihs.org/research-areas/auto-insurance/insurance-losses-by-make-and-model
Ford Mustang Mach-E electric 4dr 4WD,Ford,Mustang Mach-E electric 4dr 4WD,SUVs,Midsize,2022-24,123,81,103,85,80,82,web table: Model years '2022-24' > class 'SUVs' > size 'Midsize'; API POST /api/hldilosses/getviewmodel ModelYears=2022-2024 VehicleClassId=8 VehicleSizeId=3 (raw/api_2022-2024/class8_size3.json) row 'Ford Mustang Mach-E electric 4dr 4WD',https://www.iihs.org/research-areas/auto-insurance/insurance-losses-by-make-and-model
GMC Acadia 4dr,GMC,Acadia 4dr,SUVs,Midsize,2022-24,86,,,,,,web table: Model years '2022-24' > class 'SUVs' > size 'Midsize'; API POST /api/hldilosses/getviewmodel ModelYears=2022-2024 VehicleClassId=8 VehicleSizeId=3 (raw/api_2022-2024/class8_size3.json) row 'GMC Acadia 4dr',https://www.iihs.org/research-areas/auto-insurance/insurance-losses-by-make-and-model
GMC Acadia 4dr 4WD,GMC,Acadia 4dr 4WD,SUVs,Midsize,2022-24,64,30,,,,,web table: Model years '2022-24' > class 'SUVs' > size 'Midsize'; API POST /api/hldilosses/getviewmodel ModelYears=2022-2024 VehicleClassId=8 VehicleSizeId=3 (raw/api_2022-2024/class8_size3.json) row 'GMC Acadia 4dr 4WD',https://www.iihs.org/research-areas/auto-insurance/insurance-losses-by-make-and-model
Honda Passport 4dr 4WD,Honda,Passport 4dr 4WD,SUVs,Midsize,2022-24,72,79,75,91,80,76,web table: Model years '2022-24' > class 'SUVs' > size 'Midsize'; API POST /api/hldilosses/getviewmodel ModelYears=2022-2024 VehicleClassId=8 VehicleSizeId=3 (raw/api_2022-2024/class8_size3.json) row 'Honda Passport 4dr 4WD',https://www.iihs.org/research-areas/auto-insurance/insurance-losses-by-make-and-model
Honda Pilot 4dr,Honda,Pilot 4dr,SUVs,Midsize,2022-24,66,57,80,104,95,67,web table: Model years '2022-24' > class 'SUVs' > size 'Midsize'; API POST /api/hldilosses/getviewmodel ModelYears=2022-2024 VehicleClassId=8 VehicleSizeId=3 (raw/api_2022-2024/class8_size3.json) row 'Honda Pilot 4dr',https://www.iihs.org/research-areas/auto-insurance/insurance-losses-by-make-and-model
Honda Pilot 4dr 4WD,Honda,Pilot 4dr 4WD,SUVs,Midsize,2022-24,71,62,97,90,71,59,web table: Model years '2022-24' > class 'SUVs' > size 'Midsize'; API POST /api/hldilosses/getviewmodel ModelYears=2022-2024 VehicleClassId=8 VehicleSizeId=3 (raw/api_2022-2024/class8_size3.json) row 'Honda Pilot 4dr 4WD',https://www.iihs.org/research-areas/auto-insurance/insurance-losses-by-make-and-model
Hyundai Palisade 4dr,Hyundai,Palisade 4dr,SUVs,Midsize,2022-24,101,71,111,105,101,72,web table: Model years '2022-24' > class 'SUVs' > size 'Midsize'; API POST /api/hldilosses/getviewmodel ModelYears=2022-2024 VehicleClassId=8 VehicleSizeId=3 (raw/api_2022-2024/class8_size3.json) row 'Hyundai Palisade 4dr',https://www.iihs.org/research-areas/auto-insurance/insurance-losses-by-make-and-model
Hyundai Palisade 4dr 4WD,Hyundai,Palisade 4dr 4WD,SUVs,Midsize,2022-24,112,80,120,91,87,71,web table: Model years '2022-24' > class 'SUVs' > size 'Midsize'; API POST /api/hldilosses/getviewmodel ModelYears=2022-2024 VehicleClassId=8 VehicleSizeId=3 (raw/api_2022-2024/class8_size3.json) row 'Hyundai Palisade 4dr 4WD',https://www.iihs.org/research-areas/auto-insurance/insurance-losses-by-make-and-model
Hyundai Santa Fe 4dr,Hyundai,Santa Fe 4dr,SUVs,Midsize,2022-24,111,67,,115,,,web table: Model years '2022-24' > class 'SUVs' > size 'Midsize'; API POST /api/hldilosses/getviewmodel ModelYears=2022-2024 VehicleClassId=8 VehicleSizeId=3 (raw/api_2022-2024/class8_size3.json) row 'Hyundai Santa Fe 4dr',https://www.iihs.org/research-areas/auto-insurance/insurance-losses-by-make-and-model
Hyundai Santa Fe 4dr 4WD,Hyundai,Santa Fe 4dr 4WD,SUVs,Midsize,2022-24,110,59,115,112,,,web table: Model years '2022-24' > class 'SUVs' > size 'Midsize'; API POST /api/hldilosses/getviewmodel ModelYears=2022-2024 VehicleClassId=8 VehicleSizeId=3 (raw/api_2022-2024/class8_size3.json) row 'Hyundai Santa Fe 4dr 4WD',https://www.iihs.org/research-areas/auto-insurance/insurance-losses-by-make-and-model
Hyundai Tucson plug-in hybrid 4dr 4WD,Hyundai,Tucson plug-in hybrid 4dr 4WD,SUVs,Midsize,2022-24,86,80,81,59,,,web table: Model years '2022-24' > class 'SUVs' > size 'Midsize'; API POST /api/hldilosses/getviewmodel ModelYears=2022-2024 VehicleClassId=8 VehicleSizeId=3 (raw/api_2022-2024/class8_size3.json) row 'Hyundai Tucson plug-in hybrid 4dr 4WD',https://www.iihs.org/research-areas/auto-insurance/insurance-losses-by-make-and-model
Jeep Grand Cherokee 4dr (NEW),Jeep,Grand Cherokee 4dr (NEW),SUVs,Midsize,2022-24,76,103,92,83,83,122,web table: Model years '2022-24' > class 'SUVs' > size 'Midsize'; API POST /api/hldilosses/getviewmodel ModelYears=2022-2024 VehicleClassId=8 VehicleSizeId=3 (raw/api_2022-2024/class8_size3.json) row 'Jeep Grand Cherokee 4dr (NEW)',https://www.iihs.org/research-areas/auto-insurance/insurance-losses-by-make-and-model
Jeep Grand Cherokee 4dr 4WD (NEW),Jeep,Grand Cherokee 4dr 4WD (NEW),SUVs,Midsize,2022-24,77,104,98,80,69,88,web table: Model years '2022-24' > class 'SUVs' > size 'Midsize'; API POST /api/hldilosses/getviewmodel ModelYears=2022-2024 VehicleClassId=8 VehicleSizeId=3 (raw/api_2022-2024/class8_size3.json) row 'Jeep Grand Cherokee 4dr 4WD (NEW)',https://www.iihs.org/research-areas/auto-insurance/insurance-losses-by-make-and-model
Jeep Grand Cherokee L 4dr,Jeep,Grand Cherokee L 4dr,SUVs,Midsize,2022-24,81,111,105,90,102,115,web table: Model years '2022-24' > class 'SUVs' > size 'Midsize'; API POST /api/hldilosses/getviewmodel ModelYears=2022-2024 VehicleClassId=8 VehicleSizeId=3 (raw/api_2022-2024/class8_size3.json) row 'Jeep Grand Cherokee L 4dr',https://www.iihs.org/research-areas/auto-insurance/insurance-losses-by-make-and-model
Jeep Grand Cherokee L 4dr 4WD,Jeep,Grand Cherokee L 4dr 4WD,SUVs,Midsize,2022-24,81,102,114,86,87,96,web table: Model years '2022-24' > class 'SUVs' > size 'Midsize'; API POST /api/hldilosses/getviewmodel ModelYears=2022-2024 VehicleClassId=8 VehicleSizeId=3 (raw/api_2022-2024/class8_size3.json) row 'Jeep Grand Cherokee L 4dr 4WD',https://www.iihs.org/research-areas/auto-insurance/insurance-losses-by-make-and-model
Jeep Grand Cherokee plug-in hybrid 4dr 4WD,Jeep,Grand Cherokee plug-in hybrid 4dr 4WD,SUVs,Midsize,2022-24,92,109,95,89,66,87,web table: Model years '2022-24' > class 'SUVs' > size 'Midsize'; API POST /api/hldilosses/getviewmodel ModelYears=2022-2024 VehicleClassId=8 VehicleSizeId=3 (raw/api_2022-2024/class8_size3.json) row 'Jeep Grand Cherokee plug-in hybrid 4dr 4WD',https://www.iihs.org/research-areas/auto-insurance/insurance-losses-by-make-and-model
Jeep Wrangler 2dr convertible 4WD,Jeep,Wrangler 2dr convertible 4WD,SUVs,Midsize,2022-24,47,131,42,67,54,109,web table: Model years '2022-24' > class 'SUVs' > size 'Midsize'; API POST /api/hldilosses/getviewmodel ModelYears=2022-2024 VehicleClassId=8 VehicleSizeId=3 (raw/api_2022-2024/class8_size3.json) row 'Jeep Wrangler 2dr convertible 4WD',https://www.iihs.org/research-areas/auto-insurance/insurance-losses-by-make-and-model
Jeep Wrangler 4dr convertible 4WD,Jeep,Wrangler 4dr convertible 4WD,SUVs,Midsize,2022-24,60,148,70,70,72,118,web table: Model years '2022-24' > class 'SUVs' > size 'Midsize'; API POST /api/hldilosses/getviewmodel ModelYears=2022-2024 VehicleClassId=8 VehicleSizeId=3 (raw/api_2022-2024/class8_size3.json) row 'Jeep Wrangler 4dr convertible 4WD',https://www.iihs.org/research-areas/auto-insurance/insurance-losses-by-make-and-model
Jeep Wrangler plug-in hybrid 4dr convertible 4WD,Jeep,Wrangler plug-in hybrid 4dr convertible 4WD,SUVs,Midsize,2022-24,68,173,63,71,73,145,web table: Model years '2022-24' > class 'SUVs' > size 'Midsize'; API POST /api/hldilosses/getviewmodel ModelYears=2022-2024 VehicleClassId=8 VehicleSizeId=3 (raw/api_2022-2024/class8_size3.json) row 'Jeep Wrangler plug-in hybrid 4dr convertible 4WD',https://www.iihs.org/research-areas/auto-insurance/insurance-losses-by-make-and-model
Kia Sorento 4dr,Kia,Sorento 4dr,SUVs,Midsize,2022-24,104,93,100,141,145,108,web table: Model years '2022-24' > class 'SUVs' > size 'Midsize'; API POST /api/hldilosses/getviewmodel ModelYears=2022-2024 VehicleClassId=8 VehicleSizeId=3 (raw/api_2022-2024/class8_size3.json) row 'Kia Sorento 4dr',https://www.iihs.org/research-areas/auto-insurance/insurance-losses-by-make-and-model
Kia Sorento 4dr 4WD,Kia,Sorento 4dr 4WD,SUVs,Midsize,2022-24,95,88,90,117,111,88,web table: Model years '2022-24' > class 'SUVs' > size 'Midsize'; API POST /api/hldilosses/getviewmodel ModelYears=2022-2024 VehicleClassId=8 VehicleSizeId=3 (raw/api_2022-2024/class8_size3.json) row 'Kia Sorento 4dr 4WD',https://www.iihs.org/research-areas/auto-insurance/insurance-losses-by-make-and-model
Kia Sorento hybrid 4dr,Kia,Sorento hybrid 4dr,SUVs,Midsize,2022-24,96,108,89,103,,112,web table: Model years '2022-24' > class 'SUVs' > size 'Midsize'; API POST /api/hldilosses/getviewmodel ModelYears=2022-2024 VehicleClassId=8 VehicleSizeId=3 (raw/api_2022-2024/class8_size3.json) row 'Kia Sorento hybrid 4dr',https://www.iihs.org/research-areas/auto-insurance/insurance-losses-by-make-and-model
Kia Sorento hybrid 4dr 4WD,Kia,Sorento hybrid 4dr 4WD,SUVs,Midsize,2022-24,98,84,92,104,122,95,web table: Model years '2022-24' > class 'SUVs' > size 'Midsize'; API POST /api/hldilosses/getviewmodel ModelYears=2022-2024 VehicleClassId=8 VehicleSizeId=3 (raw/api_2022-2024/class8_size3.json) row 'Kia Sorento hybrid 4dr 4WD',https://www.iihs.org/research-areas/auto-insurance/insurance-losses-by-make-and-model
Kia Sorento plug-in hybrid 4dr 4WD,Kia,Sorento plug-in hybrid 4dr 4WD,SUVs,Midsize,2022-24,102,82,78,85,,62,web table: Model years '2022-24' > class 'SUVs' > size 'Midsize'; API POST /api/hldilosses/getviewmodel ModelYears=2022-2024 VehicleClassId=8 VehicleSizeId=3 (raw/api_2022-2024/class8_size3.json) row 'Kia Sorento plug-in hybrid 4dr 4WD',https://www.iihs.org/research-areas/auto-insurance/insurance-losses-by-make-and-model
Kia Telluride 4dr,Kia,Telluride 4dr,SUVs,Midsize,2022-24,90,78,99,100,97,77,web table: Model years '2022-24' > class 'SUVs' > size 'Midsize'; API POST /api/hldilosses/getviewmodel ModelYears=2022-2024 VehicleClassId=8 VehicleSizeId=3 (raw/api_2022-2024/class8_size3.json) row 'Kia Telluride 4dr',https://www.iihs.org/research-areas/auto-insurance/insurance-losses-by-make-and-model
Kia Telluride 4dr 4WD,Kia,Telluride 4dr 4WD,SUVs,Midsize,2022-24,94,73,112,78,79,64,web table: Model years '2022-24' > class 'SUVs' > size 'Midsize'; API POST /api/hldilosses/getviewmodel ModelYears=2022-2024 VehicleClassId=8 VehicleSizeId=3 (raw/api_2022-2024/class8_size3.json) row 'Kia Telluride 4dr 4WD',https://www.iihs.org/research-areas/auto-insurance/insurance-losses-by-make-and-model
Mazda CX-90 4dr 4WD,Mazda,CX-90 4dr 4WD,SUVs,Midsize,2022-24,112,83,117,104,82,63,web table: Model years '2022-24' > class 'SUVs' > size 'Midsize'; API POST /api/hldilosses/getviewmodel ModelYears=2022-2024 VehicleClassId=8 VehicleSizeId=3 (raw/api_2022-2024/class8_size3.json) row 'Mazda CX-90 4dr 4WD',https://www.iihs.org/research-areas/auto-insurance/insurance-losses-by-make-and-model
Mazda CX-90 plug-in hybrid 4dr 4WD,Mazda,CX-90 plug-in hybrid 4dr 4WD,SUVs,Midsize,2022-24,110,79,121,96,,,web table: Model years '2022-24' > class 'SUVs' > size 'Midsize'; API POST /api/hldilosses/getviewmodel ModelYears=2022-2024 VehicleClassId=8 VehicleSizeId=3 (raw/api_2022-2024/class8_size3.json) row 'Mazda CX-90 plug-in hybrid 4dr 4WD',https://www.iihs.org/research-areas/auto-insurance/insurance-losses-by-make-and-model
Nissan Murano 4dr,Nissan,Murano 4dr,SUVs,Midsize,2022-24,90,84,90,106,112,101,web table: Model years '2022-24' > class 'SUVs' > size 'Midsize'; API POST /api/hldilosses/getviewmodel ModelYears=2022-2024 VehicleClassId=8 VehicleSizeId=3 (raw/api_2022-2024/class8_size3.json) row 'Nissan Murano 4dr',https://www.iihs.org/research-areas/auto-insurance/insurance-losses-by-make-and-model
Nissan Murano 4dr 4WD,Nissan,Murano 4dr 4WD,SUVs,Midsize,2022-24,96,99,91,110,117,106,web table: Model years '2022-24' > class 'SUVs' > size 'Midsize'; API POST /api/hldilosses/getviewmodel ModelYears=2022-2024 VehicleClassId=8 VehicleSizeId=3 (raw/api_2022-2024/class8_size3.json) row 'Nissan Murano 4dr 4WD',https://www.iihs.org/research-areas/auto-insurance/insurance-losses-by-make-and-model
Nissan Pathfinder 4dr,Nissan,Pathfinder 4dr,SUVs,Midsize,2022-24,87,92,85,107,118,109,web table: Model years '2022-24' > class 'SUVs' > size 'Midsize'; API POST /api/hldilosses/getviewmodel ModelYears=2022-2024 VehicleClassId=8 VehicleSizeId=3 (raw/api_2022-2024/class8_size3.json) row 'Nissan Pathfinder 4dr',https://www.iihs.org/research-areas/auto-insurance/insurance-losses-by-make-and-model
Nissan Pathfinder 4dr 4WD,Nissan,Pathfinder 4dr 4WD,SUVs,Midsize,2022-24,90,98,95,114,97,99,web table: Model years '2022-24' > class 'SUVs' > size 'Midsize'; API POST /api/hldilosses/getviewmodel ModelYears=2022-2024 VehicleClassId=8 VehicleSizeId=3 (raw/api_2022-2024/class8_size3.json) row 'Nissan Pathfinder 4dr 4WD',https://www.iihs.org/research-areas/auto-insurance/insurance-losses-by-make-and-model
Subaru Ascent 4dr 4WD with EyeSight,Subaru,Ascent 4dr 4WD with EyeSight,SUVs,Midsize,2022-24,70,63,85,78,74,59,web table: Model years '2022-24' > class 'SUVs' > size 'Midsize'; API POST /api/hldilosses/getviewmodel ModelYears=2022-2024 VehicleClassId=8 VehicleSizeId=3 (raw/api_2022-2024/class8_size3.json) row 'Subaru Ascent 4dr 4WD with EyeSight',https://www.iihs.org/research-areas/auto-insurance/insurance-losses-by-make-and-model
Toyota 4Runner 4dr,Toyota,4Runner 4dr,SUVs,Midsize,2022-24,74,88,73,91,68,76,web table: Model years '2022-24' > class 'SUVs' > size 'Midsize'; API POST /api/hldilosses/getviewmodel ModelYears=2022-2024 VehicleClassId=8 VehicleSizeId=3 (raw/api_2022-2024/class8_size3.json) row 'Toyota 4Runner 4dr',https://www.iihs.org/research-areas/auto-insurance/insurance-losses-by-make-and-model
Toyota 4Runner 4dr 4WD,Toyota,4Runner 4dr 4WD,SUVs,Midsize,2022-24,67,80,81,70,62,69,web table: Model years '2022-24' > class 'SUVs' > size 'Midsize'; API POST /api/hldilosses/getviewmodel ModelYears=2022-2024 VehicleClassId=8 VehicleSizeId=3 (raw/api_2022-2024/class8_size3.json) row 'Toyota 4Runner 4dr 4WD',https://www.iihs.org/research-areas/auto-insurance/insurance-losses-by-make-and-model
Toyota Grand Highlander 4dr,Toyota,Grand Highlander 4dr,SUVs,Midsize,2022-24,96,66,107,141,,,web table: Model years '2022-24' > class 'SUVs' > size 'Midsize'; API POST /api/hldilosses/getviewmodel ModelYears=2022-2024 VehicleClassId=8 VehicleSizeId=3 (raw/api_2022-2024/class8_size3.json) row 'Toyota Grand Highlander 4dr',https://www.iihs.org/research-areas/auto-insurance/insurance-losses-by-make-and-model
Toyota Grand Highlander 4dr 4WD,Toyota,Grand Highlander 4dr 4WD,SUVs,Midsize,2022-24,88,56,112,105,77,68,web table: Model years '2022-24' > class 'SUVs' > size 'Midsize'; API POST /api/hldilosses/getviewmodel ModelYears=2022-2024 VehicleClassId=8 VehicleSizeId=3 (raw/api_2022-2024/class8_size3.json) row 'Toyota Grand Highlander 4dr 4WD',https://www.iihs.org/research-areas/auto-insurance/insurance-losses-by-make-and-model
Toyota Grand Highlander hybrid 4dr 4WD,Toyota,Grand Highlander hybrid 4dr 4WD,SUVs,Midsize,2022-24,98,67,108,85,86,71,web table: Model years '2022-24' > class 'SUVs' > size 'Midsize'; API POST /api/hldilosses/getviewmodel ModelYears=2022-2024 VehicleClassId=8 VehicleSizeId=3 (raw/api_2022-2024/class8_size3.json) row 'Toyota Grand Highlander hybrid 4dr 4WD',https://www.iihs.org/research-areas/auto-insurance/insurance-losses-by-make-and-model
Toyota Highlander 4dr,Toyota,Highlander 4dr,SUVs,Midsize,2022-24,88,87,88,127,105,94,web table: Model years '2022-24' > class 'SUVs' > size 'Midsize'; API POST /api/hldilosses/getviewmodel ModelYears=2022-2024 VehicleClassId=8 VehicleSizeId=3 (raw/api_2022-2024/class8_size3.json) row 'Toyota Highlander 4dr',https://www.iihs.org/research-areas/auto-insurance/insurance-losses-by-make-and-model
Toyota Highlander 4dr 4WD,Toyota,Highlander 4dr 4WD,SUVs,Midsize,2022-24,97,93,117,125,100,92,web table: Model years '2022-24' > class 'SUVs' > size 'Midsize'; API POST /api/hldilosses/getviewmodel ModelYears=2022-2024 VehicleClassId=8 VehicleSizeId=3 (raw/api_2022-2024/class8_size3.json) row 'Toyota Highlander 4dr 4WD',https://www.iihs.org/research-areas/auto-insurance/insurance-losses-by-make-and-model
Toyota Highlander hybrid 4dr,Toyota,Highlander hybrid 4dr,SUVs,Midsize,2022-24,99,104,96,107,106,113,web table: Model years '2022-24' > class 'SUVs' > size 'Midsize'; API POST /api/hldilosses/getviewmodel ModelYears=2022-2024 VehicleClassId=8 VehicleSizeId=3 (raw/api_2022-2024/class8_size3.json) row 'Toyota Highlander hybrid 4dr',https://www.iihs.org/research-areas/auto-insurance/insurance-losses-by-make-and-model
Toyota Highlander hybrid 4dr 4WD,Toyota,Highlander hybrid 4dr 4WD,SUVs,Midsize,2022-24,102,106,112,106,91,86,web table: Model years '2022-24' > class 'SUVs' > size 'Midsize'; API POST /api/hldilosses/getviewmodel ModelYears=2022-2024 VehicleClassId=8 VehicleSizeId=3 (raw/api_2022-2024/class8_size3.json) row 'Toyota Highlander hybrid 4dr 4WD',https://www.iihs.org/research-areas/auto-insurance/insurance-losses-by-make-and-model
Volkswagen Atlas 4dr,Volkswagen,Atlas 4dr,SUVs,Midsize,2022-24,76,79,69,84,86,83,web table: Model years '2022-24' > class 'SUVs' > size 'Midsize'; API POST /api/hldilosses/getviewmodel ModelYears=2022-2024 VehicleClassId=8 VehicleSizeId=3 (raw/api_2022-2024/class8_size3.json) row 'Volkswagen Atlas 4dr',https://www.iihs.org/research-areas/auto-insurance/insurance-losses-by-make-and-model
Volkswagen Atlas 4dr 4WD,Volkswagen,Atlas 4dr 4WD,SUVs,Midsize,2022-24,78,76,85,75,75,67,web table: Model years '2022-24' > class 'SUVs' > size 'Midsize'; API POST /api/hldilosses/getviewmodel ModelYears=2022-2024 VehicleClassId=8 VehicleSizeId=3 (raw/api_2022-2024/class8_size3.json) row 'Volkswagen Atlas 4dr 4WD',https://www.iihs.org/research-areas/auto-insurance/insurance-losses-by-make-and-model
Volkswagen Atlas Cross Sport 4dr,Volkswagen,Atlas Cross Sport 4dr,SUVs,Midsize,2022-24,76,86,81,95,,100,web table: Model years '2022-24' > class 'SUVs' > size 'Midsize'; API POST /api/hldilosses/getviewmodel ModelYears=2022-2024 VehicleClassId=8 VehicleSizeId=3 (raw/api_2022-2024/class8_size3.json) row 'Volkswagen Atlas Cross Sport 4dr',https://www.iihs.org/research-areas/auto-insurance/insurance-losses-by-make-and-model
Volkswagen Atlas Cross Sport 4dr 4WD,Volkswagen,Atlas Cross Sport 4dr 4WD,SUVs,Midsize,2022-24,92,81,96,84,88,78,web table: Model years '2022-24' > class 'SUVs' > size 'Midsize'; API POST /api/hldilosses/getviewmodel ModelYears=2022-2024 VehicleClassId=8 VehicleSizeId=3 (raw/api_2022-2024/class8_size3.json) row 'Volkswagen Atlas Cross Sport 4dr 4WD',https://www.iihs.org/research-areas/auto-insurance/insurance-losses-by-make-and-model
Volkswagen ID.4 electric 4dr,Volkswagen,ID.4 electric 4dr,SUVs,Midsize,2022-24,98,103,67,86,99,101,web table: Model years '2022-24' > class 'SUVs' > size 'Midsize'; API POST /api/hldilosses/getviewmodel ModelYears=2022-2024 VehicleClassId=8 VehicleSizeId=3 (raw/api_2022-2024/class8_size3.json) row 'Volkswagen ID.4 electric 4dr',https://www.iihs.org/research-areas/auto-insurance/insurance-losses-by-make-and-model
Volkswagen ID.4 electric 4dr 4WD,Volkswagen,ID.4 electric 4dr 4WD,SUVs,Midsize,2022-24,96,93,91,75,74,72,web table: Model years '2022-24' > class 'SUVs' > size 'Midsize'; API POST /api/hldilosses/getviewmodel ModelYears=2022-2024 VehicleClassId=8 VehicleSizeId=3 (raw/api_2022-2024/class8_size3.json) row 'Volkswagen ID.4 electric 4dr 4WD',https://www.iihs.org/research-areas/auto-insurance/insurance-losses-by-make-and-model
Volkswagen Tiguan 4dr,Volkswagen,Tiguan 4dr,SUVs,Midsize,2022-24,72,88,72,99,115,100,web table: Model years '2022-24' > class 'SUVs' > size 'Midsize'; API POST /api/hldilosses/getviewmodel ModelYears=2022-2024 VehicleClassId=8 VehicleSizeId=3 (raw/api_2022-2024/class8_size3.json) row 'Volkswagen Tiguan 4dr',https://www.iihs.org/research-areas/auto-insurance/insurance-losses-by-make-and-model
Volkswagen Tiguan 4dr 4WD,Volkswagen,Tiguan 4dr 4WD,SUVs,Midsize,2022-24,68,79,77,79,86,73,web table: Model years '2022-24' > class 'SUVs' > size 'Midsize'; API POST /api/hldilosses/getviewmodel ModelYears=2022-2024 VehicleClassId=8 VehicleSizeId=3 (raw/api_2022-2024/class8_size3.json) row 'Volkswagen Tiguan 4dr 4WD',https://www.iihs.org/research-areas/auto-insurance/insurance-losses-by-make-and-model
Chevrolet Tahoe 4dr,Chevrolet,Tahoe 4dr,SUVs,Large,2022-24,79,107,79,85,68,86,web table: Model years '2022-24' > class 'SUVs' > size 'Large'; API POST /api/hldilosses/getviewmodel ModelYears=2022-2024 VehicleClassId=8 VehicleSizeId=4 (raw/api_2022-2024/class8_size4.json) row 'Chevrolet Tahoe 4dr',https://www.iihs.org/research-areas/auto-insurance/insurance-losses-by-make-and-model
Chevrolet Tahoe 4dr 4WD,Chevrolet,Tahoe 4dr 4WD,SUVs,Large,2022-24,77,101,88,58,57,83,web table: Model years '2022-24' > class 'SUVs' > size 'Large'; API POST /api/hldilosses/getviewmodel ModelYears=2022-2024 VehicleClassId=8 VehicleSizeId=4 (raw/api_2022-2024/class8_size4.json) row 'Chevrolet Tahoe 4dr 4WD',https://www.iihs.org/research-areas/auto-insurance/insurance-losses-by-make-and-model
Dodge Durango 4dr,Dodge,Durango 4dr,SUVs,Large,2022-24,107,99,108,131,,146,web table: Model years '2022-24' > class 'SUVs' > size 'Large'; API POST /api/hldilosses/getviewmodel ModelYears=2022-2024 VehicleClassId=8 VehicleSizeId=4 (raw/api_2022-2024/class8_size4.json) row 'Dodge Durango 4dr',https://www.iihs.org/research-areas/auto-insurance/insurance-losses-by-make-and-model
Dodge Durango 4dr 4WD,Dodge,Durango 4dr 4WD,SUVs,Large,2022-24,107,110,142,116,105,111,web table: Model years '2022-24' > class 'SUVs' > size 'Large'; API POST /api/hldilosses/getviewmodel ModelYears=2022-2024 VehicleClassId=8 VehicleSizeId=4 (raw/api_2022-2024/class8_size4.json) row 'Dodge Durango 4dr 4WD',https://www.iihs.org/research-areas/auto-insurance/insurance-losses-by-make-and-model
Ford Expedition 4dr,Ford,Expedition 4dr,SUVs,Large,2022-24,92,71,97,71,73,60,web table: Model years '2022-24' > class 'SUVs' > size 'Large'; API POST /api/hldilosses/getviewmodel ModelYears=2022-2024 VehicleClassId=8 VehicleSizeId=4 (raw/api_2022-2024/class8_size4.json) row 'Ford Expedition 4dr',https://www.iihs.org/research-areas/auto-insurance/insurance-losses-by-make-and-model
Ford Expedition 4dr 4WD,Ford,Expedition 4dr 4WD,SUVs,Large,2022-24,107,86,103,71,69,73,web table: Model years '2022-24' > class 'SUVs' > size 'Large'; API POST /api/hldilosses/getviewmodel ModelYears=2022-2024 VehicleClassId=8 VehicleSizeId=4 (raw/api_2022-2024/class8_size4.json) row 'Ford Expedition 4dr 4WD',https://www.iihs.org/research-areas/auto-insurance/insurance-losses-by-make-and-model
GMC Yukon 4dr,GMC,Yukon 4dr,SUVs,Large,2022-24,66,83,75,52,47,82,web table: Model years '2022-24' > class 'SUVs' > size 'Large'; API POST /api/hldilosses/getviewmodel ModelYears=2022-2024 VehicleClassId=8 VehicleSizeId=4 (raw/api_2022-2024/class8_size4.json) row 'GMC Yukon 4dr',https://www.iihs.org/research-areas/auto-insurance/insurance-losses-by-make-and-model
GMC Yukon 4dr 4WD,GMC,Yukon 4dr 4WD,SUVs,Large,2022-24,79,98,92,59,51,73,web table: Model years '2022-24' > class 'SUVs' > size 'Large'; API POST /api/hldilosses/getviewmodel ModelYears=2022-2024 VehicleClassId=8 VehicleSizeId=4 (raw/api_2022-2024/class8_size4.json) row 'GMC Yukon 4dr 4WD',https://www.iihs.org/research-areas/auto-insurance/insurance-losses-by-make-and-model
Chevrolet Suburban 1500 4dr,Chevrolet,Suburban 1500 4dr,SUVs,Very large,2022-24,102,127,101,117,,,web table: Model years '2022-24' > class 'SUVs' > size 'Very large'; API POST /api/hldilosses/getviewmodel ModelYears=2022-2024 VehicleClassId=8 VehicleSizeId=5 (raw/api_2022-2024/class8_size5.json) row 'Chevrolet Suburban 1500 4dr',https://www.iihs.org/research-areas/auto-insurance/insurance-losses-by-make-and-model
Chevrolet Suburban 1500 4dr 4WD,Chevrolet,Suburban 1500 4dr 4WD,SUVs,Very large,2022-24,91,117,95,69,68,106,web table: Model years '2022-24' > class 'SUVs' > size 'Very large'; API POST /api/hldilosses/getviewmodel ModelYears=2022-2024 VehicleClassId=8 VehicleSizeId=5 (raw/api_2022-2024/class8_size5.json) row 'Chevrolet Suburban 1500 4dr 4WD',https://www.iihs.org/research-areas/auto-insurance/insurance-losses-by-make-and-model
Kia Soul,Kia,Soul,Station wagons,Small,2022-24,83,119,84,146,159,138,web table: Model years '2022-24' > class 'Station wagons' > size 'Small'; API POST /api/hldilosses/getviewmodel ModelYears=2022-2024 VehicleClassId=11 VehicleSizeId=2 (raw/api_2022-2024/class11_size2.json) row 'Kia Soul',https://www.iihs.org/research-areas/auto-insurance/insurance-losses-by-make-and-model
Subaru Crosstrek station wagon 4WD with EyeSight,Subaru,Crosstrek station wagon 4WD with EyeSight,Station wagons,Small,2022-24,63,66,68,79,82,70,web table: Model years '2022-24' > class 'Station wagons' > size 'Small'; API POST /api/hldilosses/getviewmodel ModelYears=2022-2024 VehicleClassId=11 VehicleSizeId=2 (raw/api_2022-2024/class11_size2.json) row 'Subaru Crosstrek station wagon 4WD with EyeSight',https://www.iihs.org/research-areas/auto-insurance/insurance-losses-by-make-and-model
Subaru Impreza 4WD with EyeSight,Subaru,Impreza 4WD with EyeSight,Station wagons,Small,2022-24,88,89,91,97,108,91,web table: Model years '2022-24' > class 'Station wagons' > size 'Small'; API POST /api/hldilosses/getviewmodel ModelYears=2022-2024 VehicleClassId=11 VehicleSizeId=2 (raw/api_2022-2024/class11_size2.json) row 'Subaru Impreza 4WD with EyeSight',https://www.iihs.org/research-areas/auto-insurance/insurance-losses-by-make-and-model
Subaru Outback 4WD with EyeSight,Subaru,Outback 4WD with EyeSight,Station wagons,Midsize,2022-24,63,68,84,71,74,58,web table: Model years '2022-24' > class 'Station wagons' > size 'Midsize'; API POST /api/hldilosses/getviewmodel ModelYears=2022-2024 VehicleClassId=11 VehicleSizeId=3 (raw/api_2022-2024/class11_size3.json) row 'Subaru Outback 4WD with EyeSight',https://www.iihs.org/research-areas/auto-insurance/insurance-losses-by-make-and-model
Audi Q3 4dr 4WD,Audi,Q3 4dr 4WD,Luxury SUVs,Small,2022-24,97,84,85,74,65,71,web table: Model years '2022-24' > class 'Luxury SUVs' > size 'Small'; API POST /api/hldilosses/getviewmodel ModelYears=2022-2024 VehicleClassId=14 VehicleSizeId=2 (raw/api_2022-2024/class14_size2.json) row 'Audi Q3 4dr 4WD',https://www.iihs.org/research-areas/auto-insurance/insurance-losses-by-make-and-model
BMW X1 4dr 4WD,BMW,X1 4dr 4WD,Luxury SUVs,Small,2022-24,101,88,89,83,86,99,web table: Model years '2022-24' > class 'Luxury SUVs' > size 'Small'; API POST /api/hldilosses/getviewmodel ModelYears=2022-2024 VehicleClassId=14 VehicleSizeId=2 (raw/api_2022-2024/class14_size2.json) row 'BMW X1 4dr 4WD',https://www.iihs.org/research-areas/auto-insurance/insurance-losses-by-make-and-model
Buick Encore GX 4dr,Buick,Encore GX 4dr,Luxury SUVs,Small,2022-24,85,109,66,125,150,125,web table: Model years '2022-24' > class 'Luxury SUVs' > size 'Small'; API POST /api/hldilosses/getviewmodel ModelYears=2022-2024 VehicleClassId=14 VehicleSizeId=2 (raw/api_2022-2024/class14_size2.json) row 'Buick Encore GX 4dr',https://www.iihs.org/research-areas/auto-insurance/insurance-losses-by-make-and-model
Buick Encore GX 4dr 4WD,Buick,Encore GX 4dr 4WD,Luxury SUVs,Small,2022-24,77,105,64,99,112,116,web table: Model years '2022-24' > class 'Luxury SUVs' > size 'Small'; API POST /api/hldilosses/getviewmodel ModelYears=2022-2024 VehicleClassId=14 VehicleSizeId=2 (raw/api_2022-2024/class14_size2.json) row 'Buick Encore GX 4dr 4WD',https://www.iihs.org/research-areas/auto-insurance/insurance-losses-by-make-and-model
Land Rover Range Rover Evoque 4dr 4WD,Land Rover,Range Rover Evoque 4dr 4WD,Luxury SUVs,Small,2022-24,128,86,113,100,,,web table: Model years '2022-24' > class 'Luxury SUVs' > size 'Small'; API POST /api/hldilosses/getviewmodel ModelYears=2022-2024 VehicleClassId=14 VehicleSizeId=2 (raw/api_2022-2024/class14_size2.json) row 'Land Rover Range Rover Evoque 4dr 4WD',https://www.iihs.org/research-areas/auto-insurance/insurance-losses-by-make-and-model
Mercedes-Benz AMG GLB 4dr 4WD,Mercedes-Benz,AMG GLB 4dr 4WD,Luxury SUVs,Small,2022-24,123,82,124,,,,web table: Model years '2022-24' > class 'Luxury SUVs' > size 'Small'; API POST /api/hldilosses/getviewmodel ModelYears=2022-2024 VehicleClassId=14 VehicleSizeId=2 (raw/api_2022-2024/class14_size2.json) row 'Mercedes-Benz AMG GLB 4dr 4WD',https://www.iihs.org/research-areas/auto-insurance/insurance-losses-by-make-and-model
Mercedes-Benz GLA class AMG 4dr 4WD,Mercedes-Benz,GLA class AMG 4dr 4WD,Luxury SUVs,Small,2022-24,139,116,124,,,,web table: Model years '2022-24' > class 'Luxury SUVs' > size 'Small'; API POST /api/hldilosses/getviewmodel ModelYears=2022-2024 VehicleClassId=14 VehicleSizeId=2 (raw/api_2022-2024/class14_size2.json) row 'Mercedes-Benz GLA class AMG 4dr 4WD',https://www.iihs.org/research-areas/auto-insurance/insurance-losses-by-make-and-model
Acura MDX 4dr,Acura,MDX 4dr,Luxury SUVs,Midsize,2022-24,82,69,82,86,92,56,web table: Model years '2022-24' > class 'Luxury SUVs' > size 'Midsize'; API POST /api/hldilosses/getviewmodel ModelYears=2022-2024 VehicleClassId=14 VehicleSizeId=3 (raw/api_2022-2024/class14_size3.json) row 'Acura MDX 4dr',https://www.iihs.org/research-areas/auto-insurance/insurance-losses-by-make-and-model
Acura MDX 4dr 4WD,Acura,MDX 4dr 4WD,Luxury SUVs,Midsize,2022-24,88,71,111,96,69,57,web table: Model years '2022-24' > class 'Luxury SUVs' > size 'Midsize'; API POST /api/hldilosses/getviewmodel ModelYears=2022-2024 VehicleClassId=14 VehicleSizeId=3 (raw/api_2022-2024/class14_size3.json) row 'Acura MDX 4dr 4WD',https://www.iihs.org/research-areas/auto-insurance/insurance-losses-by-make-and-model
Acura RDX 4dr 4WD,Acura,RDX 4dr 4WD,Luxury SUVs,Midsize,2022-24,72,69,74,92,63,62,web table: Model years '2022-24' > class 'Luxury SUVs' > size 'Midsize'; API POST /api/hldilosses/getviewmodel ModelYears=2022-2024 VehicleClassId=14 VehicleSizeId=3 (raw/api_2022-2024/class14_size3.json) row 'Acura RDX 4dr 4WD',https://www.iihs.org/research-areas/auto-insurance/insurance-losses-by-make-and-model
Audi Q5 4dr 4WD,Audi,Q5 4dr 4WD,Luxury SUVs,Midsize,2022-24,119,76,105,66,68,66,web table: Model years '2022-24' > class 'Luxury SUVs' > size 'Midsize'; API POST /api/hldilosses/getviewmodel ModelYears=2022-2024 VehicleClassId=14 VehicleSizeId=3 (raw/api_2022-2024/class14_size3.json) row 'Audi Q5 4dr 4WD',https://www.iihs.org/research-areas/auto-insurance/insurance-losses-by-make-and-model
Audi Q5 plug-in hybrid 4dr 4WD,Audi,Q5 plug-in hybrid 4dr 4WD,Luxury SUVs,Midsize,2022-24,140,87,107,50,,,web table: Model years '2022-24' > class 'Luxury SUVs' > size 'Midsize'; API POST /api/hldilosses/getviewmodel ModelYears=2022-2024 VehicleClassId=14 VehicleSizeId=3 (raw/api_2022-2024/class14_size3.json) row 'Audi Q5 plug-in hybrid 4dr 4WD',https://www.iihs.org/research-areas/auto-insurance/insurance-losses-by-make-and-model
Audi Q5 sportback 4dr 4WD,Audi,Q5 sportback 4dr 4WD,Luxury SUVs,Midsize,2022-24,112,87,118,68,,,web table: Model years '2022-24' > class 'Luxury SUVs' > size 'Midsize'; API POST /api/hldilosses/getviewmodel ModelYears=2022-2024 VehicleClassId=14 VehicleSizeId=3 (raw/api_2022-2024/class14_size3.json) row 'Audi Q5 sportback 4dr 4WD',https://www.iihs.org/research-areas/auto-insurance/insurance-losses-by-make-and-model
BMW X3 4dr,BMW,X3 4dr,Luxury SUVs,Midsize,2022-24,108,94,92,72,98,95,web table: Model years '2022-24' > class 'Luxury SUVs' > size 'Midsize'; API POST /api/hldilosses/getviewmodel ModelYears=2022-2024 VehicleClassId=14 VehicleSizeId=3 (raw/api_2022-2024/class14_size3.json) row 'BMW X3 4dr',https://www.iihs.org/research-areas/auto-insurance/insurance-losses-by-make-and-model
BMW X3 4dr 4WD,BMW,X3 4dr 4WD,Luxury SUVs,Midsize,2022-24,104,87,108,71,72,72,web table: Model years '2022-24' > class 'Luxury SUVs' > size 'Midsize'; API POST /api/hldilosses/getviewmodel ModelYears=2022-2024 VehicleClassId=14 VehicleSizeId=3 (raw/api_2022-2024/class14_size3.json) row 'BMW X3 4dr 4WD',https://www.iihs.org/research-areas/auto-insurance/insurance-losses-by-make-and-model
BMW X5 4dr,BMW,X5 4dr,Luxury SUVs,Midsize,2022-24,120,86,142,61,90,81,web table: Model years '2022-24' > class 'Luxury SUVs' > size 'Midsize'; API POST /api/hldilosses/getviewmodel ModelYears=2022-2024 VehicleClassId=14 VehicleSizeId=3 (raw/api_2022-2024/class14_size3.json) row 'BMW X5 4dr',https://www.iihs.org/research-areas/auto-insurance/insurance-losses-by-make-and-model
BMW X5 4dr 4WD,BMW,X5 4dr 4WD,Luxury SUVs,Midsize,2022-24,122,86,162,69,63,62,web table: Model years '2022-24' > class 'Luxury SUVs' > size 'Midsize'; API POST /api/hldilosses/getviewmodel ModelYears=2022-2024 VehicleClassId=14 VehicleSizeId=3 (raw/api_2022-2024/class14_size3.json) row 'BMW X5 4dr 4WD',https://www.iihs.org/research-areas/auto-insurance/insurance-losses-by-make-and-model
BMW X5 plug-in hybrid 4dr 4WD,BMW,X5 plug-in hybrid 4dr 4WD,Luxury SUVs,Midsize,2022-24,120,83,138,47,54,64,web table: Model years '2022-24' > class 'Luxury SUVs' > size 'Midsize'; API POST /api/hldilosses/getviewmodel ModelYears=2022-2024 VehicleClassId=14 VehicleSizeId=3 (raw/api_2022-2024/class14_size3.json) row 'BMW X5 plug-in hybrid 4dr 4WD',https://www.iihs.org/research-areas/auto-insurance/insurance-losses-by-make-and-model
Buick Envision 4dr,Buick,Envision 4dr,Luxury SUVs,Midsize,2022-24,84,97,68,93,102,92,web table: Model years '2022-24' > class 'Luxury SUVs' > size 'Midsize'; API POST /api/hldilosses/getviewmodel ModelYears=2022-2024 VehicleClassId=14 VehicleSizeId=3 (raw/api_2022-2024/class14_size3.json) row 'Buick Envision 4dr',https://www.iihs.org/research-areas/auto-insurance/insurance-losses-by-make-and-model
Buick Envision 4dr 4WD,Buick,Envision 4dr 4WD,Luxury SUVs,Midsize,2022-24,82,84,67,77,108,91,web table: Model years '2022-24' > class 'Luxury SUVs' > size 'Midsize'; API POST /api/hldilosses/getviewmodel ModelYears=2022-2024 VehicleClassId=14 VehicleSizeId=3 (raw/api_2022-2024/class14_size3.json) row 'Buick Envision 4dr 4WD',https://www.iihs.org/research-areas/auto-insurance/insurance-losses-by-make-and-model
Cadillac XT5 4dr,Cadillac,XT5 4dr,Luxury SUVs,Midsize,2022-24,86,93,69,97,97,86,web table: Model years '2022-24' > class 'Luxury SUVs' > size 'Midsize'; API POST /api/hldilosses/getviewmodel ModelYears=2022-2024 VehicleClassId=14 VehicleSizeId=3 (raw/api_2022-2024/class14_size3.json) row 'Cadillac XT5 4dr',https://www.iihs.org/research-areas/auto-insurance/insurance-losses-by-make-and-model
Cadillac XT5 4dr 4WD,Cadillac,XT5 4dr 4WD,Luxury SUVs,Midsize,2022-24,86,79,67,85,82,80,web table: Model years '2022-24' > class 'Luxury SUVs' > size 'Midsize'; API POST /api/hldilosses/getviewmodel ModelYears=2022-2024 VehicleClassId=14 VehicleSizeId=3 (raw/api_2022-2024/class14_size3.json) row 'Cadillac XT5 4dr 4WD',https://www.iihs.org/research-areas/auto-insurance/insurance-losses-by-make-and-model
Land Rover Defender 110 4dr 4WD,Land Rover,Defender 110 4dr 4WD,Luxury SUVs,Midsize,2022-24,126,109,176,48,49,70,web table: Model years '2022-24' > class 'Luxury SUVs' > size 'Midsize'; API POST /api/hldilosses/getviewmodel ModelYears=2022-2024 VehicleClassId=14 VehicleSizeId=3 (raw/api_2022-2024/class14_size3.json) row 'Land Rover Defender 110 4dr 4WD',https://www.iihs.org/research-areas/auto-insurance/insurance-losses-by-make-and-model
Land Rover Defender 130 4dr 4WD,Land Rover,Defender 130 4dr 4WD,Luxury SUVs,Midsize,2022-24,111,92,198,52,,,web table: Model years '2022-24' > class 'Luxury SUVs' > size 'Midsize'; API POST /api/hldilosses/getviewmodel ModelYears=2022-2024 VehicleClassId=14 VehicleSizeId=3 (raw/api_2022-2024/class14_size3.json) row 'Land Rover Defender 130 4dr 4WD',https://www.iihs.org/research-areas/auto-insurance/insurance-losses-by-make-and-model
Land Rover Defender 90 2dr 4WD,Land Rover,Defender 90 2dr 4WD,Luxury SUVs,Midsize,2022-24,110,91,187,,,,web table: Model years '2022-24' > class 'Luxury SUVs' > size 'Midsize'; API POST /api/hldilosses/getviewmodel ModelYears=2022-2024 VehicleClassId=14 VehicleSizeId=3 (raw/api_2022-2024/class14_size3.json) row 'Land Rover Defender 90 2dr 4WD',https://www.iihs.org/research-areas/auto-insurance/insurance-losses-by-make-and-model
Land Rover Range Rover Velar 4dr 4WD,Land Rover,Range Rover Velar 4dr 4WD,Luxury SUVs,Midsize,2022-24,175,115,155,90,,,web table: Model years '2022-24' > class 'Luxury SUVs' > size 'Midsize'; API POST /api/hldilosses/getviewmodel ModelYears=2022-2024 VehicleClassId=14 VehicleSizeId=3 (raw/api_2022-2024/class14_size3.json) row 'Land Rover Range Rover Velar 4dr 4WD',https://www.iihs.org/research-areas/auto-insurance/insurance-losses-by-make-and-model
Lexus NX 250 4dr,Lexus,NX 250 4dr,Luxury SUVs,Midsize,2022-24,102,79,75,94,,,web table: Model years '2022-24' > class 'Luxury SUVs' > size 'Midsize'; API POST /api/hldilosses/getviewmodel ModelYears=2022-2024 VehicleClassId=14 VehicleSizeId=3 (raw/api_2022-2024/class14_size3.json) row 'Lexus NX 250 4dr',https://www.iihs.org/research-areas/auto-insurance/insurance-losses-by-make-and-model
Lexus NX 250 4dr 4WD,Lexus,NX 250 4dr 4WD,Luxury SUVs,Midsize,2022-24,104,110,,,,,web table: Model years '2022-24' > class 'Luxury SUVs' > size 'Midsize'; API POST /api/hldilosses/getviewmodel ModelYears=2022-2024 VehicleClassId=14 VehicleSizeId=3 (raw/api_2022-2024/class14_size3.json) row 'Lexus NX 250 4dr 4WD',https://www.iihs.org/research-areas/auto-insurance/insurance-losses-by-make-and-model
Lexus NX 350 4dr 4WD,Lexus,NX 350 4dr 4WD,Luxury SUVs,Midsize,2022-24,104,73,85,95,94,74,web table: Model years '2022-24' > class 'Luxury SUVs' > size 'Midsize'; API POST /api/hldilosses/getviewmodel ModelYears=2022-2024 VehicleClassId=14 VehicleSizeId=3 (raw/api_2022-2024/class14_size3.json) row 'Lexus NX 350 4dr 4WD',https://www.iihs.org/research-areas/auto-insurance/insurance-losses-by-make-and-model
Lexus NX 350 hybrid 4dr 4WD,Lexus,NX 350 hybrid 4dr 4WD,Luxury SUVs,Midsize,2022-24,101,75,92,70,85,81,web table: Model years '2022-24' > class 'Luxury SUVs' > size 'Midsize'; API POST /api/hldilosses/getviewmodel ModelYears=2022-2024 VehicleClassId=14 VehicleSizeId=3 (raw/api_2022-2024/class14_size3.json) row 'Lexus NX 350 hybrid 4dr 4WD',https://www.iihs.org/research-areas/auto-insurance/insurance-losses-by-make-and-model
Lexus NX 450 plug-in hybrid 4dr 4WD,Lexus,NX 450 plug-in hybrid 4dr 4WD,Luxury SUVs,Midsize,2022-24,100,77,90,65,,,web table: Model years '2022-24' > class 'Luxury SUVs' > size 'Midsize'; API POST /api/hldilosses/getviewmodel ModelYears=2022-2024 VehicleClassId=14 VehicleSizeId=3 (raw/api_2022-2024/class14_size3.json) row 'Lexus NX 450 plug-in hybrid 4dr 4WD',https://www.iihs.org/research-areas/auto-insurance/insurance-losses-by-make-and-model
Lexus RX 350 4dr,Lexus,RX 350 4dr,Luxury SUVs,Midsize,2022-24,111,65,97,88,105,75,web table: Model years '2022-24' > class 'Luxury SUVs' > size 'Midsize'; API POST /api/hldilosses/getviewmodel ModelYears=2022-2024 VehicleClassId=14 VehicleSizeId=3 (raw/api_2022-2024/class14_size3.json) row 'Lexus RX 350 4dr',https://www.iihs.org/research-areas/auto-insurance/insurance-losses-by-make-and-model
Lexus RX 350 4dr 4WD,Lexus,RX 350 4dr 4WD,Luxury SUVs,Midsize,2022-24,112,60,118,94,77,63,web table: Model years '2022-24' > class 'Luxury SUVs' > size 'Midsize'; API POST /api/hldilosses/getviewmodel ModelYears=2022-2024 VehicleClassId=14 VehicleSizeId=3 (raw/api_2022-2024/class14_size3.json) row 'Lexus RX 350 4dr 4WD',https://www.iihs.org/research-areas/auto-insurance/insurance-losses-by-make-and-model
Lexus RX 350h hybrid 4dr 4WD,Lexus,RX 350h hybrid 4dr 4WD,Luxury SUVs,Midsize,2022-24,105,60,118,76,85,60,web table: Model years '2022-24' > class 'Luxury SUVs' > size 'Midsize'; API POST /api/hldilosses/getviewmodel ModelYears=2022-2024 VehicleClassId=14 VehicleSizeId=3 (raw/api_2022-2024/class14_size3.json) row 'Lexus RX 350h hybrid 4dr 4WD',https://www.iihs.org/research-areas/auto-insurance/insurance-losses-by-make-and-model
Lexus RX 450h plug-in hybrid 4dr 4WD,Lexus,RX 450h plug-in hybrid 4dr 4WD,Luxury SUVs,Midsize,2022-24,96,,96,,,,web table: Model years '2022-24' > class 'Luxury SUVs' > size 'Midsize'; API POST /api/hldilosses/getviewmodel ModelYears=2022-2024 VehicleClassId=14 VehicleSizeId=3 (raw/api_2022-2024/class14_size3.json) row 'Lexus RX 450h plug-in hybrid 4dr 4WD',https://www.iihs.org/research-areas/auto-insurance/insurance-losses-by-make-and-model
Lexus RX 500h hybrid 4dr 4WD,Lexus,RX 500h hybrid 4dr 4WD,Luxury SUVs,Midsize,2022-24,134,63,119,77,,,web table: Model years '2022-24' > class 'Luxury SUVs' > size 'Midsize'; API POST /api/hldilosses/getviewmodel ModelYears=2022-2024 VehicleClassId=14 VehicleSizeId=3 (raw/api_2022-2024/class14_size3.json) row 'Lexus RX 500h hybrid 4dr 4WD',https://www.iihs.org/research-areas/auto-insurance/insurance-losses-by-make-and-model
Lexus TX 350 4dr,Lexus,TX 350 4dr,Luxury SUVs,Midsize,2022-24,101,48,134,,,,web table: Model years '2022-24' > class 'Luxury SUVs' > size 'Midsize'; API POST /api/hldilosses/getviewmodel ModelYears=2022-2024 VehicleClassId=14 VehicleSizeId=3 (raw/api_2022-2024/class14_size3.json) row 'Lexus TX 350 4dr',https://www.iihs.org/research-areas/auto-insurance/insurance-losses-by-make-and-model
Lexus TX 350 4dr 4WD,Lexus,TX 350 4dr 4WD,Luxury SUVs,Midsize,2022-24,96,53,149,75,,,web table: Model years '2022-24' > class 'Luxury SUVs' > size 'Midsize'; API POST /api/hldilosses/getviewmodel ModelYears=2022-2024 VehicleClassId=14 VehicleSizeId=3 (raw/api_2022-2024/class14_size3.json) row 'Lexus TX 350 4dr 4WD',https://www.iihs.org/research-areas/auto-insurance/insurance-losses-by-make-and-model
Lexus TX 500H hybrid 4dr 4WD,Lexus,TX 500H hybrid 4dr 4WD,Luxury SUVs,Midsize,2022-24,122,,186,,,,web table: Model years '2022-24' > class 'Luxury SUVs' > size 'Midsize'; API POST /api/hldilosses/getviewmodel ModelYears=2022-2024 VehicleClassId=14 VehicleSizeId=3 (raw/api_2022-2024/class14_size3.json) row 'Lexus TX 500H hybrid 4dr 4WD',https://www.iihs.org/research-areas/auto-insurance/insurance-losses-by-make-and-model
Mercedes-Benz AMG GLE class coupe 4dr 4WD,Mercedes-Benz,AMG GLE class coupe 4dr 4WD,Luxury SUVs,Midsize,2022-24,242,116,223,98,147,142,web table: Model years '2022-24' > class 'Luxury SUVs' > size 'Midsize'; API POST /api/hldilosses/getviewmodel ModelYears=2022-2024 VehicleClassId=14 VehicleSizeId=3 (raw/api_2022-2024/class14_size3.json) row 'Mercedes-Benz AMG GLE class coupe 4dr 4WD',https://www.iihs.org/research-areas/auto-insurance/insurance-losses-by-make-and-model
Mercedes-Benz GLC class 4dr,Mercedes-Benz,GLC class 4dr,Luxury SUVs,Midsize,2022-24,92,81,88,78,,,web table: Model years '2022-24' > class 'Luxury SUVs' > size 'Midsize'; API POST /api/hldilosses/getviewmodel ModelYears=2022-2024 VehicleClassId=14 VehicleSizeId=3 (raw/api_2022-2024/class14_size3.json) row 'Mercedes-Benz GLC class 4dr',https://www.iihs.org/research-areas/auto-insurance/insurance-losses-by-make-and-model
Mercedes-Benz GLC class 4dr 4WD,Mercedes-Benz,GLC class 4dr 4WD,Luxury SUVs,Midsize,2022-24,104,80,82,81,80,63,web table: Model years '2022-24' > class 'Luxury SUVs' > size 'Midsize'; API POST /api/hldilosses/getviewmodel ModelYears=2022-2024 VehicleClassId=14 VehicleSizeId=3 (raw/api_2022-2024/class14_size3.json) row 'Mercedes-Benz GLC class 4dr 4WD',https://www.iihs.org/research-areas/auto-insurance/insurance-losses-by-make-and-model
Mercedes-Benz GLC class coupe 4dr 4WD,Mercedes-Benz,GLC class coupe 4dr 4WD,Luxury SUVs,Midsize,2022-24,131,97,120,,,,web table: Model years '2022-24' > class 'Luxury SUVs' > size 'Midsize'; API POST /api/hldilosses/getviewmodel ModelYears=2022-2024 VehicleClassId=14 VehicleSizeId=3 (raw/api_2022-2024/class14_size3.json) row 'Mercedes-Benz GLC class coupe 4dr 4WD',https://www.iihs.org/research-areas/auto-insurance/insurance-losses-by-make-and-model
Mercedes-Benz GLE class 4dr 4WD,Mercedes-Benz,GLE class 4dr 4WD,Luxury SUVs,Midsize,2022-24,123,80,115,76,69,79,web table: Model years '2022-24' > class 'Luxury SUVs' > size 'Midsize'; API POST /api/hldilosses/getviewmodel ModelYears=2022-2024 VehicleClassId=14 VehicleSizeId=3 (raw/api_2022-2024/class14_size3.json) row 'Mercedes-Benz GLE class 4dr 4WD',https://www.iihs.org/research-areas/auto-insurance/insurance-losses-by-make-and-model
Mercedes-Benz GLE class AMG 4dr 4WD,Mercedes-Benz,GLE class AMG 4dr 4WD,Luxury SUVs,Midsize,2022-24,150,80,179,64,,,web table: Model years '2022-24' > class 'Luxury SUVs' > size 'Midsize'; API POST /api/hldilosses/getviewmodel ModelYears=2022-2024 VehicleClassId=14 VehicleSizeId=3 (raw/api_2022-2024/class14_size3.json) row 'Mercedes-Benz GLE class AMG 4dr 4WD',https://www.iihs.org/research-areas/auto-insurance/insurance-losses-by-make-and-model
Mercedes-Benz GLE class plug-in hybrid 4dr 4WD,Mercedes-Benz,GLE class plug-in hybrid 4dr 4WD,Luxury SUVs,Midsize,2022-24,144,82,116,,,,web table: Model years '2022-24' > class 'Luxury SUVs' > size 'Midsize'; API POST /api/hldilosses/getviewmodel ModelYears=2022-2024 VehicleClassId=14 VehicleSizeId=3 (raw/api_2022-2024/class14_size3.json) row 'Mercedes-Benz GLE class plug-in hybrid 4dr 4WD',https://www.iihs.org/research-areas/auto-insurance/insurance-losses-by-make-and-model
Porsche Macan 4dr 4WD,Porsche,Macan 4dr 4WD,Luxury SUVs,Midsize,2022-24,151,90,117,60,61,70,web table: Model years '2022-24' > class 'Luxury SUVs' > size 'Midsize'; API POST /api/hldilosses/getviewmodel ModelYears=2022-2024 VehicleClassId=14 VehicleSizeId=3 (raw/api_2022-2024/class14_size3.json) row 'Porsche Macan 4dr 4WD',https://www.iihs.org/research-areas/auto-insurance/insurance-losses-by-make-and-model
Tesla Model Y electric 4dr,Tesla,Model Y electric 4dr,Luxury SUVs,Midsize,2022-24,118,82,77,102,121,83,web table: Model years '2022-24' > class 'Luxury SUVs' > size 'Midsize'; API POST /api/hldilosses/getviewmodel ModelYears=2022-2024 VehicleClassId=14 VehicleSizeId=3 (raw/api_2022-2024/class14_size3.json) row 'Tesla Model Y electric 4dr',https://www.iihs.org/research-areas/auto-insurance/insurance-losses-by-make-and-model
Tesla Model Y electric 4dr 4WD,Tesla,Model Y electric 4dr 4WD,Luxury SUVs,Midsize,2022-24,134,86,102,95,97,75,web table: Model years '2022-24' > class 'Luxury SUVs' > size 'Midsize'; API POST /api/hldilosses/getviewmodel ModelYears=2022-2024 VehicleClassId=14 VehicleSizeId=3 (raw/api_2022-2024/class14_size3.json) row 'Tesla Model Y electric 4dr 4WD',https://www.iihs.org/research-areas/auto-insurance/insurance-losses-by-make-and-model
Cadillac Escalade 4dr,Cadillac,Escalade 4dr,Luxury SUVs,Large,2022-24,109,102,206,63,,,web table: Model years '2022-24' > class 'Luxury SUVs' > size 'Large'; API POST /api/hldilosses/getviewmodel ModelYears=2022-2024 VehicleClassId=14 VehicleSizeId=4 (raw/api_2022-2024/class14_size4.json) row 'Cadillac Escalade 4dr',https://www.iihs.org/research-areas/auto-insurance/insurance-losses-by-make-and-model
Cadillac Escalade 4dr 4WD,Cadillac,Escalade 4dr 4WD,Luxury SUVs,Large,2022-24,110,89,152,63,62,76,web table: Model years '2022-24' > class 'Luxury SUVs' > size 'Large'; API POST /api/hldilosses/getviewmodel ModelYears=2022-2024 VehicleClassId=14 VehicleSizeId=4 (raw/api_2022-2024/class14_size4.json) row 'Cadillac Escalade 4dr 4WD',https://www.iihs.org/research-areas/auto-insurance/insurance-losses-by-make-and-model
Land Rover Range Rover 4dr 4WD (NEW),Land Rover,Range Rover 4dr 4WD (NEW),Luxury SUVs,Large,2022-24,157,84,339,44,50,74,web table: Model years '2022-24' > class 'Luxury SUVs' > size 'Large'; API POST /api/hldilosses/getviewmodel ModelYears=2022-2024 VehicleClassId=14 VehicleSizeId=4 (raw/api_2022-2024/class14_size4.json) row 'Land Rover Range Rover 4dr 4WD (NEW)',https://www.iihs.org/research-areas/auto-insurance/insurance-losses-by-make-and-model
Land Rover Range Rover 4dr LWB 4WD (NEW),Land Rover,Range Rover 4dr LWB 4WD (NEW),Luxury SUVs,Large,2022-24,186,90,438,47,,,web table: Model years '2022-24' > class 'Luxury SUVs' > size 'Large'; API POST /api/hldilosses/getviewmodel ModelYears=2022-2024 VehicleClassId=14 VehicleSizeId=4 (raw/api_2022-2024/class14_size4.json) row 'Land Rover Range Rover 4dr LWB 4WD (NEW)',https://www.iihs.org/research-areas/auto-insurance/insurance-losses-by-make-and-model
Land Rover Range Rover Sport 4dr 4WD,Land Rover,Range Rover Sport 4dr 4WD,Luxury SUVs,Large,2022-24,135,79,220,53,,,web table: Model years '2022-24' > class 'Luxury SUVs' > size 'Large'; API POST /api/hldilosses/getviewmodel ModelYears=2022-2024 VehicleClassId=14 VehicleSizeId=4 (raw/api_2022-2024/class14_size4.json) row 'Land Rover Range Rover Sport 4dr 4WD',https://www.iihs.org/research-areas/auto-insurance/insurance-losses-by-make-and-model
Mercedes-Benz G class AMG 4dr 4WD,Mercedes-Benz,G class AMG 4dr 4WD,Luxury SUVs,Large,2022-24,184,86,439,42,,,web table: Model years '2022-24' > class 'Luxury SUVs' > size 'Large'; API POST /api/hldilosses/getviewmodel ModelYears=2022-2024 VehicleClassId=14 VehicleSizeId=4 (raw/api_2022-2024/class14_size4.json) row 'Mercedes-Benz G class AMG 4dr 4WD',https://www.iihs.org/research-areas/auto-insurance/insurance-losses-by-make-and-model
Mercedes-Benz GLS class AMG 4dr 4WD,Mercedes-Benz,GLS class AMG 4dr 4WD,Luxury SUVs,Large,2022-24,165,,141,,,,web table: Model years '2022-24' > class 'Luxury SUVs' > size 'Large'; API POST /api/hldilosses/getviewmodel ModelYears=2022-2024 VehicleClassId=14 VehicleSizeId=4 (raw/api_2022-2024/class14_size4.json) row 'Mercedes-Benz GLS class AMG 4dr 4WD',https://www.iihs.org/research-areas/auto-insurance/insurance-losses-by-make-and-model
Porsche Cayenne 4dr 4WD,Porsche,Cayenne 4dr 4WD,Luxury SUVs,Large,2022-24,150,84,179,53,62,58,web table: Model years '2022-24' > class 'Luxury SUVs' > size 'Large'; API POST /api/hldilosses/getviewmodel ModelYears=2022-2024 VehicleClassId=14 VehicleSizeId=4 (raw/api_2022-2024/class14_size4.json) row 'Porsche Cayenne 4dr 4WD',https://www.iihs.org/research-areas/auto-insurance/insurance-losses-by-make-and-model
Porsche Cayenne Coupe 4dr 4WD,Porsche,Cayenne Coupe 4dr 4WD,Luxury SUVs,Large,2022-24,201,72,187,59,,,web table: Model years '2022-24' > class 'Luxury SUVs' > size 'Large'; API POST /api/hldilosses/getviewmodel ModelYears=2022-2024 VehicleClassId=14 VehicleSizeId=4 (raw/api_2022-2024/class14_size4.json) row 'Porsche Cayenne Coupe 4dr 4WD',https://www.iihs.org/research-areas/auto-insurance/insurance-losses-by-make-and-model
Porsche Cayenne Coupe plug-in hybrid 4dr 4WD,Porsche,Cayenne Coupe plug-in hybrid 4dr 4WD,Luxury SUVs,Large,2022-24,205,,200,,,,web table: Model years '2022-24' > class 'Luxury SUVs' > size 'Large'; API POST /api/hldilosses/getviewmodel ModelYears=2022-2024 VehicleClassId=14 VehicleSizeId=4 (raw/api_2022-2024/class14_size4.json) row 'Porsche Cayenne Coupe plug-in hybrid 4dr 4WD',https://www.iihs.org/research-areas/auto-insurance/insurance-losses-by-make-and-model
Porsche Cayenne plug-in hybrid 4dr 4WD,Porsche,Cayenne plug-in hybrid 4dr 4WD,Luxury SUVs,Large,2022-24,175,100,183,,,,web table: Model years '2022-24' > class 'Luxury SUVs' > size 'Large'; API POST /api/hldilosses/getviewmodel ModelYears=2022-2024 VehicleClassId=14 VehicleSizeId=4 (raw/api_2022-2024/class14_size4.json) row 'Porsche Cayenne plug-in hybrid 4dr 4WD',https://www.iihs.org/research-areas/auto-insurance/insurance-losses-by-make-and-model
Tesla Model X electric 4dr 4WD,Tesla,Model X electric 4dr 4WD,Luxury SUVs,Large,2022-24,218,102,157,81,95,86,web table: Model years '2022-24' > class 'Luxury SUVs' > size 'Large'; API POST /api/hldilosses/getviewmodel ModelYears=2022-2024 VehicleClassId=14 VehicleSizeId=4 (raw/api_2022-2024/class14_size4.json) row 'Tesla Model X electric 4dr 4WD',https://www.iihs.org/research-areas/auto-insurance/insurance-losses-by-make-and-model
